0.19,0.07,0.03,1.52,0.04,0.01,0.01,0.25,0.12,0.08,0.02,0.1,4.13,0.03,0.02,2.2,0.04,0.01,0.01,0.24,0.04,0.07,0.05,0.1,0.19,0.03,0.01,1.52,0.04,0.01,0.01,0.25,0.04,0.01,0.09,0.1,0.22,0.01,0.03,1.52,0.03,0.01,0.01,0.25,0.04,0.01,0.01,0.15,0.27,0.03,0.01,1.52,0.04,0.01,0.01,0.25,0.04,0.01,0.01,0.19,
1559659132.52,1559659137.54,1559659142.53,1559659147.52,1559659152.53,1559659157.53,1559659162.52,1559659167.52,1559659172.53,1559659177.52,1559659182.53,1559659187.53,1559659192.52,1559659197.52,1559659204.11,1559659207.52,1559659212.53,1559659217.53,1559659222.53,1559659227.54,1559659232.53,1559659237.52,1559659242.53,1559659247.57,1559659252.53,1559659257.57,1559659262.53,1559659267.53,1559659272.55,1559659277.54,1559659282.54,1559659287.54,1559659292.54,1559659297.52,1559659302.57,1559659307.54,1559659312.53,1559659317.53,1559659322.54,1559659327.52,1559659332.74,1559659337.53,1559659342.53,1559659347.52,1559659352.53,1559659357.52,1559659362.52,1559659367.54,1559659372.52,1559659377.53,1559659382.53,1559659387.52,1559659392.52,1559659397.52,1559659402.52,1559659407.53,1559659412.54,1559659417.53,1559659422.63,1559659733.76,
0.03,0.02,2.2,0.04,0.01,0.01,0.24,0.04,0.07,0.05,0.1,0.19,0.03,0.01,1.52,0.04,0.01,0.01,0.25,0.04,0.01,0.09,0.1,0.22,0.01,0.03,1.52,0.03,0.01,0.01,0.25,0.04,0.01,0.01,0.15,0.27,0.03,0.01,1.52,0.04,0.01,0.01,0.25,0.04,0.01,0.01,0.19,0.02,0.03,1.55,0.04,0.07,0.08,0.24,0.04,0.01,0.02,0.25,3.66,0.02,
1559659197.52,1559659204.11,1559659207.52,1559659212.53,1559659217.53,1559659222.53,1559659227.54,1559659232.53,1559659237.52,1559659242.53,1559659247.57,1559659252.53,1559659257.57,1559659262.53,1559659267.53,1559659272.55,1559659277.54,1559659282.54,1559659287.54,1559659292.54,1559659297.52,1559659302.57,1559659307.54,1559659312.53,1559659317.53,1559659322.54,1559659327.52,1559659332.74,1559659337.53,1559659342.53,1559659347.52,1559659352.53,1559659357.52,1559659362.52,1559659367.54,1559659372.52,1559659377.53,1559659382.53,1559659387.52,1559659392.52,1559659397.52,1559659402.52,1559659407.53,1559659412.54,1559659417.53,1559659422.63,1559659733.76,1559659739.15,1559659744.13,1559659749.18,1559659754.14,1559659759.14,1559659764.16,1559659769.14,1559659774.14,1559659779.18,1559659784.16,1559659789.14,1559659794.15,1559659799.14,
0.02,1.5,0.04,0.01,0.09,0.31,0.04,0.01,0.01,0.24,0.04,0.02,0.03,1.49,0.04,0.01,0.01,0.33,0.08,0.01,0.01,0.24,0.04,0.02,0.01,1.52,0.04,0.01,0.01,0.25,0.09,0.07,0.01,0.25,0.04,0.03,0.03,1.5,0.04,0.01,0.01,0.25,0.04,0.09,0.08,0.25,0.04,0.03,0.03,1.5,0.07,0.02,0.01,0.49,0.05,0.01,0.1,0.29,0.04,0.03,
1559659804.13,1559659809.15,1559659814.15,1559659819.14,1559659824.16,1559659829.13,1559659834.15,1559659839.15,1559659844.14,1559659849.14,1559659854.15,1559659859.14,1559659864.14,1559659869.16,1559659874.14,1559659879.15,1559659884.15,1559659889.16,1559659894.14,1559659899.15,1559659904.14,1559659909.2,1559659914.15,1559659919.14,1559659924.14,1559659929.15,1559659934.22,1559659939.15,1559659944.15,1559659949.14,1559659954.14,1559659959.16,1559659964.14,1559659969.14,1559659974.15,1559659979.14,1559659984.14,1559659989.15,1559659994.14,1559659999.14,1559660004.15,1559660009.14,1559660014.14,1559660019.15,1559660024.14,1559660029.14,1559660034.16,1559660039.15,1559660044.14,1559660049.15,1559660054.14,1559660059.14,1559660064.15,1559660069.14,1559660074.14,1559660079.16,1559660084.14,1559660089.14,1559660094.15,1559660099.15,
0.01,1.52,0.04,0.01,0.01,0.25,0.04,0.01,0.01,0.51,0.15,0.03,0.02,1.5,0.04,0.01,0.01,0.25,0.04,0.01,0.01,0.25,0.05,0.17,0.02,1.5,0.04,0.01,0.01,0.25,0.04,0.01,0.01,0.25,0.04,0.03,0.13,1.52,0.04,0.01,0.01,0.25,0.04,0.01,0.01,0.24,0.04,0.03,0.03,1.65,0.04,0.01,0.04,0.25,0.04,0.01,0.01,0.25,0.04,3.97,
1559660104.15,1559660109.15,1559660114.14,1559660119.14,1559660124.15,1559660129.14,1559660134.14,1559660139.15,1559660144.14,1559660149.14,1559660154.15,1559660159.14,1559660164.14,1559660169.15,1559660174.14,1559660179.14,1559660184.15,1559660189.15,1559660194.14,1559660199.16,1559660204.14,1559660209.14,1559660214.19,1559660219.13,1559660224.14,1559660229.15,1559660234.14,1559660239.14,1559660244.15,1559660249.14,1559660254.2,1559660259.15,1559660264.15,1559660269.14,1559660274.15,1559660279.14,1559660284.14,1559660289.15,1559660294.14,1559660299.14,1559660304.15,1559660309.14,1559660314.14,1559660319.15,1559660324.13,1559660329.15,1559660334.15,1559660339.14,1559660344.14,1559660349.15,1559660354.14,1559660359.14,1559660364.15,1559660369.14,1559660374.14,1559660379.15,1559660384.13,1559660389.14,1559660394.15,1559660399.14,
0.12,6.13,0.18,0.01,0.01,0.25,0.04,0.01,0.01,0.25,0.04,0.03,0.01,1.52,0.93,4.88,0.01,0.25,0.04,0.01,0.01,0.24,0.04,0.03,0.03,1.5,0.04,0.01,0.13,0.25,0.04,0.01,0.01,0.24,0.04,0.03,0.03,1.5,0.04,0,0.01,0.39,0.04,0,0.01,0.24,0.04,0.03,0.01,1.51,0.04,0.01,0.01,0.28,0.16,0.01,0.02,0.24,0.04,0.03,
1559660404.14,1559660409.15,1559660414.15,1559660419.14,1559660424.15,1559660429.14,1559660434.14,1559660439.16,1559660444.14,1559660449.14,1559660454.16,1559660459.15,1559660464.14,1559660469.15,1559660474.15,1559660479.15,1559660484.16,1559660489.14,1559660494.15,1559660499.17,1559660504.14,1559660509.15,1559660514.15,1559660519.17,1559660524.15,1559660529.16,1559660534.26,1559660539.35,1559660544.16,1559660549.15,1559660554.15,1559660559.16,1559660564.15,1559660569.25,1559660574.16,1559660579.15,1559660584.15,1559660589.15,1559660594.15,1559660599.15,1559660604.15,1559660609.15,1559660614.15,1559660619.15,1559660624.14,1559660629.14,1559660634.15,1559660639.14,1559660644.14,1559660649.16,1559660654.14,1559660659.14,1559660664.15,1559660669.14,1559660674.14,1559660679.15,1559660684.14,1559660689.15,1559660694.15,1559660699.14,
1.43,1.5,0.04,0,0.01,0.24,0.04,0.11,0.01,0.24,0.04,0.03,0.03,1.49,0.04,0.01,0.01,0.25,0.04,0.01,0.11,0.24,0.04,0.03,0.03,1.5,0.04,0.01,0.01,0.25,0.04,0.01,0.01,0.34,0.04,0.03,0.03,1.5,0.04,0.01,0.01,0.25,0.04,0.01,0.01,0.25,0.14,0.03,0.03,1.5,0.04,0.01,0.01,0.25,0.1,0.01,0.02,0.25,0.04,4.06,
1559660704.13,1559660709.15,1559660714.14,1559660719.14,1559660724.15,1559660729.14,1559660734.14,1559660739.15,1559660744.14,1559660749.14,1559660754.16,1559660759.14,1559660764.15,1559660769.18,1559660774.14,1559660779.14,1559660784.16,1559660789.14,1559660794.14,1559660799.17,1559660804.15,1559660809.14,1559660814.16,1559660819.14,1559660824.15,1559660829.15,1559660834.14,1559660839.15,1559660844.15,1559660849.14,1559660854.14,1559660859.17,1559660864.14,1559660869.14,1559660874.15,1559660879.14,1559660884.14,1559660889.16,1559660894.14,1559660899.14,1559660904.15,1559660909.14,1559660914.14,1559660919.16,1559660924.14,1559660929.14,1559660934.17,1559660939.14,1559660944.14,1559660949.15,1559660954.14,1559660959.15,1559660964.15,1559660969.14,1559660974.14,1559660979.18,1559660984.14,1559660989.14,1559660994.15,1559660999.16,
0.03,1.49,0.04,0.01,0.01,0.25,0.04,0.01,0.01,0.25,0.04,0.03,0.17,1.5,0.04,0.01,0.01,0.25,0.04,0.01,0.01,0.25,0.04,0.03,0.01,1.66,0.04,0.01,0.01,0.25,0.04,0.01,0.01,0.24,0.04,0.03,0.02,1.49,0.19,0.01,0.01,0.25,0.04,0.01,0.01,0.25,0.04,0.03,0.02,1.5,0.04,0.13,0.01,0.25,0.04,0.04,0.01,0.25,0.04,0.03,
1559661004.13,1559661009.16,1559661014.14,1559661019.14,1559661024.15,1559661029.14,1559661034.14,1559661039.16,1559661044.14,1559661049.15,1559661054.19,1559661059.15,1559661064.14,1559661069.16,1559661074.15,1559661079.15,1559661084.15,1559661089.14,1559661094.14,1559661099.17,1559661104.14,1559661109.14,1559661114.15,1559661119.14,1559661124.14,1559661129.15,1559661134.18,1559661139.17,1559661144.15,1559661149.14,1559661154.14,1559661159.17,1559661164.14,1559661169.16,1559661174.15,1559661179.14,1559661184.14,1559661189.19,1559661194.14,1559661199.14,1559661204.2,1559661209.14,1559661214.14,1559661219.16,1559661224.14,1559661229.14,1559661234.15,1559661239.14,1559661244.14,1559661249.16,1559661254.14,1559661259.14,1559661264.15,1559661269.14,1559661274.14,1559661279.23,1559661284.13,1559661289.14,1559661294.15,1559661299.14,
0.01,1.51,0.04,0.01,0.13,0.25,0.04,0.01,0.01,0.25,0.04,0.03,0.03,1.5,0.04,0.01,0.01,0.34,0.04,0.01,0.01,0.25,0.04,0.03,0.03,1.47,0.04,0.01,0.01,0.25,0.15,0.01,0.01,0.25,0.04,0.03,0.01,1.52,0.04,0.01,0.01,0.25,0.04,0.11,0.01,0.25,0.04,0.03,0.03,1.5,0.04,0.01,0.01,0.25,0.04,0,0.16,0.25,0.04,3.97,
1559661304.13,1559661309.16,1559661314.14,1559661319.14,1559661324.15,1559661329.14,1559661334.14,1559661339.16,1559661344.14,1559661349.14,1559661354.15,1559661359.14,1559661364.15,1559661369.15,1559661374.14,1559661379.14,1559661384.15,1559661389.14,1559661394.14,1559661399.15,1559661404.14,1559661409.14,1559661414.15,1559661419.14,1559661424.14,1559661429.25,1559661434.13,1559661439.14,1559661444.19,1559661449.14,1559661454.14,1559661459.16,1559661464.14,1559661469.14,1559661474.15,1559661479.14,1559661484.14,1559661489.16,1559661494.14,1559661499.15,1559661504.21,1559661509.13,1559661514.14,1559661519.15,1559661524.14,1559661529.14,1559661534.15,1559661539.14,1559661544.14,1559661549.15,1559661554.14,1559661559.14,1559661564.15,1559661569.14,1559661574.14,1559661579.15,1559661584.14,1559661589.15,1559661594.15,1559661599.14,
0.03,1.49,0.04,0,0.01,0.25,0.04,0,0.01,0.31,0.07,0.03,0.03,1.5,0.04,0,0.01,0.25,0.04,0,0.01,0.25,0.09,0.06,0.03,1.51,0.04,0,0.01,0.25,0.04,0,0.01,0.25,0.04,0.08,0.09,1.49,0.04,0.01,0.01,0.25,0.04,0,0.01,0.25,0.04,0.03,0.12,1.56,0.04,0,0.01,0.49,0.06,0,0.01,0.28,0.04,0.03,
1559661604.13,1559661609.19,1559661614.13,1559661619.14,1559661624.15,1559661629.14,1559661634.14,1559661639.15,1559661644.14,1559661649.14,1559661654.28,1559661659.14,1559661664.14,1559661669.15,1559661674.15,1559661679.16,1559661684.15,1559661689.19,1559661694.14,1559661699.15,1559661704.15,1559661709.22,1559661714.21,1559661719.13,1559661724.15,1559661729.15,1559661734.21,1559661739.16,1559661744.22,1559661749.16,1559661754.15,1559661759.17,1559661764.15,1559661769.16,1559661774.15,1559661779.16,1559661784.15,1559661789.21,1559661794.15,1559661799.15,1559661804.16,1559661809.15,1559661814.14,1559661819.15,1559661824.14,1559661829.15,1559661834.18,1559661839.13,1559661844.14,1559661849.15,1559661854.14,1559661859.14,1559661864.15,1559661869.14,1559661874.14,1559661879.15,1559661884.14,1559661889.14,1559661894.16,1559661899.14,
1.44,1.55,0.08,0,0.01,0.25,0.04,0,0.01,0.49,0.09,0.03,0.01,1.52,0.1,0.05,0.01,0.25,0.04,0,0.01,0.25,0.04,0.03,0.02,1.5,0.04,0.06,0.05,0.25,0.04,0,0.01,0.25,0.04,0.03,0.02,1.5,0.04,0,0.02,0.34,0.04,0.01,0.01,0.25,0.04,0.03,0.01,1.52,0.04,0,0.01,0.25,0.14,0,0.02,0.25,0.04,0.08,
1559661904.14,1559661909.15,1559661914.15,1559661919.15,1559661924.15,1559661929.15,1559661934.14,1559661939.16,1559661944.14,1559661949.14,1559661954.16,1559661959.14,1559661964.14,1559661969.15,1559661974.14,1559661979.14,1559661984.22,1559661989.14,1559661994.14,1559661999.16,1559662004.14,1559662009.14,1559662014.16,1559662019.14,1559662024.14,1559662029.16,1559662034.14,1559662039.15,1559662044.16,1559662049.14,1559662054.14,1559662059.21,1559662064.13,1559662069.14,1559662074.15,1559662079.14,1559662084.14,1559662089.15,1559662094.14,1559662099.14,1559662104.15,1559662109.14,1559662114.14,1559662119.15,1559662124.16,1559662129.14,1559662134.16,1559662139.13,1559662144.14,1559662149.15,1559662154.15,1559662159.15,1559662164.15,1559662169.14,1559662174.15,1559662179.15,1559662184.14,1559662189.15,1559662194.15,1559662199.14,
3.78,5.97,0.31,0,0.01,0.25,0.04,0.1,0.01,0.25,0.04,0.02,0.03,1.5,0.99,4.66,0.01,0.25,0.04,0,0.1,0.25,0.04,0.02,0.01,1.52,0.04,0.01,0.01,0.25,0.04,0.01,0.01,0.34,0.04,0.02,0.03,1.5,0.04,0.01,0.01,0.25,0.04,0.01,0.01,0.25,0.14,0.02,0.03,1.5,0.04,0.01,0.01,0.25,0.04,0.01,0.01,0.25,0.04,0.12,
1559662204.15,1559662209.15,1559662214.13,1559662219.15,1559662224.15,1559662229.14,1559662234.15,1559662239.15,1559662244.14,1559662249.15,1559662254.15,1559662259.14,1559662264.15,1559662269.15,1559662274.14,1559662279.15,1559662284.15,1559662289.13,1559662294.15,1559662299.16,1559662304.14,1559662309.15,1559662314.15,1559662319.14,1559662324.14,1559662329.15,1559662334.19,1559662339.36,1559662344.15,1559662349.13,1559662354.15,1559662359.17,1559662364.14,1559662369.15,1559662374.15,1559662379.14,1559662384.15,1559662389.15,1559662394.14,1559662399.15,1559662404.15,1559662409.13,1559662414.19,1559662419.15,1559662424.14,1559662429.15,1559662434.15,1559662439.14,1559662444.15,1559662449.15,1559662454.14,1559662459.15,1559662464.15,1559662469.15,1559662474.15,1559662479.15,1559662484.14,1559662489.15,1559662494.16,1559662499.14,
0.06,1.5,0.04,0.01,0.01,0.25,0.04,0.01,0.01,0.25,0.04,0.02,0.17,1.5,0.04,0.01,0.01,0.25,0.04,0.01,0.01,0.25,0.04,0.02,0.01,1.64,0.04,0.01,0.01,0.25,0.04,0,0.01,0.24,0.04,0.03,0.03,1.5,0.18,0.01,0.01,0.25,0.03,0.02,0.01,0.25,0.03,0.04,0.03,1.5,0.03,0.14,0.01,0.25,0.03,0.02,0.01,0.24,0.03,0.04,
1559662504.15,1559662509.15,1559662514.14,1559662519.15,1559662524.15,1559662529.14,1559662534.14,1559662539.15,1559662544.15,1559662549.15,1559662554.15,1559662559.14,1559662564.15,1559662569.15,1559662574.14,1559662579.19,1559662584.15,1559662589.14,1559662594.15,1559662599.16,1559662604.14,1559662609.15,1559662614.15,1559662619.14,1559662624.15,1559662629.15,1559662634.13,1559662639.15,1559662644.15,1559662649.14,1559662654.15,1559662659.15,1559662664.14,1559662669.14,1559662674.15,1559662679.14,1559662684.15,1559662689.15,1559662694.15,1559662699.15,1559662704.16,1559662709.14,1559662714.15,1559662719.15,1559662724.14,1559662729.15,1559662734.15,1559662739.14,1559662744.15,1559662749.15,1559662754.14,1559662759.15,1559662764.15,1559662769.15,1559662774.15,1559662779.16,1559662784.14,1559662789.15,1559662794.15,1559662799.14,
3.94,1.58,0.03,0.02,0.15,0.24,0.03,0.02,0.01,0.24,0.03,0.04,0.03,1.5,0.03,0.02,0.01,0.36,0.03,0.02,0.01,0.24,0.03,0.04,0.03,1.5,0.03,0.02,0.01,0.24,0.15,0.02,0.01,0.24,0.03,0.04,0.01,1.52,0.03,0.02,0.01,0.24,0.03,0.17,0.01,0.25,0.03,0.04,0.03,1.5,0.03,0.03,0.01,0.25,0.03,0.03,0.16,0.25,0.03,0.04,
1559662804.15,1559662809.15,1559662814.14,1559662819.15,1559662824.15,1559662829.14,1559662834.15,1559662839.16,1559662844.16,1559662849.15,1559662854.15,1559662859.14,1559662864.15,1559662869.15,1559662874.14,1559662879.15,1559662884.15,1559662889.15,1559662894.15,1559662899.19,1559662904.15,1559662909.16,1559662914.15,1559662919.15,1559662924.16,1559662929.15,1559662934.22,1559662939.26,1559662944.2,1559662949.2,1559662954.15,1559662959.15,1559662964.15,1559662969.15,1559662974.16,1559662979.25,1559662984.16,1559662989.15,1559662994.15,1559662999.15,1559663004.15,1559663009.15,1559663014.15,1559663019.15,1559663024.15,1559663029.15,1559663034.15,1559663039.15,1559663044.15,1559663049.15,1559663054.14,1559663059.15,1559663064.15,1559663069.14,1559663074.15,1559663079.15,1559663084.14,1559663089.15,1559663094.15,1559663099.14,
0.03,1.5,0.06,0.03,0.01,0.25,0.03,0.03,0.01,0.34,0.02,0.04,0.01,1.52,0.03,0.03,0.01,0.25,0.03,0.03,0.01,0.24,0.12,0.04,0.03,1.5,0.02,0.03,0,0.25,0.02,0.03,0,0.25,0.02,0.16,0.03,1.5,0.02,0.03,0,0.25,0.02,0.03,0,0.25,0.02,0.04,0.16,1.52,0.02,0.03,0.01,0.25,0.02,0.03,0.01,0.25,0.02,0.04,
1559663104.15,1559663109.15,1559663114.14,1559663119.15,1559663124.15,1559663129.14,1559663134.15,1559663139.15,1559663144.14,1559663149.17,1559663154.15,1559663159.14,1559663164.15,1559663169.15,1559663174.14,1559663179.15,1559663184.15,1559663189.13,1559663194.15,1559663199.15,1559663204.14,1559663209.15,1559663214.15,1559663219.14,1559663224.15,1559663229.15,1559663234.14,1559663239.15,1559663244.15,1559663249.14,1559663254.18,1559663259.16,1559663264.14,1559663269.15,1559663274.15,1559663279.14,1559663284.15,1559663289.15,1559663294.14,1559663299.15,1559663304.15,1559663309.14,1559663314.18,1559663319.15,1559663324.15,1559663329.15,1559663334.15,1559663339.14,1559663344.15,1559663349.15,1559663354.14,1559663359.14,1559663364.15,1559663369.14,1559663374.14,1559663379.15,1559663384.14,1559663389.15,1559663394.15,1559663399.14,
3.95,1.64,0.02,0.06,0.01,0.25,0.02,0.03,0.01,0.24,0.02,0.04,0.03,1.5,0.12,0.03,0.01,0.25,0.02,0.03,0.01,0.25,0.02,0.04,0.03,1.5,0.02,0.12,0.01,0.25,0.01,0.04,0,0.25,0.01,0.06,0.03,1.5,0.01,0.04,0.06,0.28,0,0.05,0,0.25,0,0.06,0.03,1.5,0.01,0.04,0.01,0.57,0.06,0.04,0.01,0.25,0.01,0.06,
1559663404.14,1559663409.16,1559663414.13,1559663419.14,1559663424.15,1559663429.14,1559663434.15,1559663439.15,1559663444.14,1559663449.15,1559663454.15,1559663459.14,1559663464.15,1559663469.15,1559663474.14,1559663479.18,1559663484.15,1559663489.14,1559663494.15,1559663499.15,1559663504.14,1559663509.15,1559663514.15,1559663519.14,1559663524.15,1559663529.15,1559663534.16,1559663539.25,1559663544.15,1559663549.14,1559663554.15,1559663559.15,1559663564.14,1559663569.15,1559663574.15,1559663579.14,1559663584.15,1559663589.15,1559663594.14,1559663599.15,1559663604.15,1559663609.14,1559663614.15,1559663619.15,1559663624.15,1559663629.15,1559663634.15,1559663639.14,1559663644.15,1559663649.15,1559663654.14,1559663659.15,1559663664.15,1559663669.14,1559663674.15,1559663679.16,1559663684.14,1559663689.17,1559663694.15,1559663699.15,
0.03,1.51,0.01,0.04,0.04,0.28,0.09,0.1,0.01,0.48,0.02,0.09,0.03,1.5,0.01,0.04,0.01,0.25,0.01,0.1,0.07,0.25,0.01,0.06,0.01,1.52,0.01,0.04,0.01,0.25,0.01,0.04,0.09,0.31,0.01,0.06,0.03,1.5,0.01,0.04,0.01,0.25,0.01,0.04,0.01,0.33,0.07,0.06,0.03,1.5,0.01,0.04,0.01,0.25,0.01,0.04,0.02,0.24,0.03,0.18,
1559663704.15,1559663709.15,1559663714.14,1559663719.15,1559663724.15,1559663729.14,1559663734.15,1559663739.15,1559663744.14,1559663749.15,1559663754.15,1559663759.14,1559663764.15,1559663769.15,1559663774.15,1559663779.15,1559663784.15,1559663789.14,1559663794.15,1559663799.16,1559663804.14,1559663809.15,1559663814.15,1559663819.14,1559663824.15,1559663829.15,1559663834.14,1559663839.15,1559663844.15,1559663849.14,1559663854.19,1559663859.15,1559663864.13,1559663869.15,1559663874.15,1559663879.14,1559663884.15,1559663889.15,1559663894.14,1559663899.15,1559663904.15,1559663909.14,1559663914.15,1559663919.16,1559663924.14,1559663929.15,1559663934.15,1559663939.14,1559663944.15,1559663949.15,1559663954.14,1559663959.15,1559663964.15,1559663969.14,1559663974.15,1559663979.15,1559663984.14,1559663989.15,1559663994.15,1559663999.14,
4.02,6.02,0.01,0.04,0.01,0.26,0.05,0.04,0.01,0.25,0.01,0.06,1.01,0.66,0.58,5.07,0.01,0.25,0.01,0.04,0.01,0.25,0.01,0.05,0.03,1.6,0.01,0.04,0.01,0.24,0.01,0.04,0.01,0.25,0.01,0.05,0.01,1.52,0.13,0.04,0.01,0.24,0.01,0.04,0.01,0.25,0.01,0.05,0.09,1.44,0.01,0.14,0.01,0.25,0.01,0.04,0.01,0.25,0.01,0.06,
1559664004.15,1559664009.15,1559664014.14,1559664019.25,1559664024.15,1559664029.14,1559664034.15,1559664039.15,1559664044.14,1559664049.15,1559664054.16,1559664059.14,1559664064.19,1559664069.15,1559664074.15,1559664079.15,1559664084.22,1559664089.13,1559664094.16,1559664099.15,1559664104.15,1559664109.15,1559664114.15,1559664119.22,1559664124.15,1559664129.15,1559664134.2,1559664139.21,1559664144.15,1559664149.17,1559664154.16,1559664159.15,1559664164.23,1559664169.15,1559664174.15,1559664179.15,1559664184.15,1559664189.15,1559664194.15,1559664199.15,1559664204.15,1559664209.21,1559664214.18,1559664219.15,1559664224.14,1559664229.15,1559664234.15,1559664239.14,1559664244.15,1559664249.15,1559664254.14,1559664259.15,1559664264.15,1559664269.14,1559664274.15,1559664279.15,1559664284.14,1559664289.15,1559664294.16,1559664299.14,
1.42,1.51,0.01,0.04,0.1,0.25,0.01,0.1,0.01,0.25,0.01,0.05,0.02,1.51,0.01,0.04,0.01,0.4,0.01,0.04,0.01,0.25,0.01,0.06,0.02,1.51,0.01,0.04,0.01,0.25,0.16,0.04,0.01,0.24,0.01,0.06,0.02,1.51,0.01,0.04,0,0.25,0.01,0.19,0,0.25,0.01,0.06,0.02,1.51,0.01,0.04,0,0.25,0.01,0.04,0.16,0.25,0.01,0.06,
1559664304.15,1559664309.15,1559664314.14,1559664319.15,1559664324.15,1559664329.15,1559664334.15,1559664339.15,1559664344.14,1559664349.15,1559664354.15,1559664359.16,1559664364.15,1559664369.16,1559664374.14,1559664379.15,1559664384.15,1559664389.14,1559664394.15,1559664399.15,1559664404.14,1559664409.15,1559664414.15,1559664419.14,1559664424.15,1559664429.15,1559664434.14,1559664439.15,1559664444.15,1559664449.14,1559664454.15,1559664459.15,1559664464.14,1559664469.18,1559664474.15,1559664479.14,1559664484.15,1559664489.15,1559664494.14,1559664499.19,1559664504.15,1559664509.14,1559664514.15,1559664519.15,1559664524.14,1559664529.15,1559664534.15,1559664539.14,1559664544.15,1559664549.15,1559664554.15,1559664559.15,1559664564.15,1559664569.14,1559664574.15,1559664579.15,1559664584.14,1559664589.15,1559664594.15,1559664599.14,
0.07,5.42,0.02,0.04,0,0.25,0.01,0.04,0.06,0.38,0.01,0.06,0,1.52,0.01,0.04,0,0.25,0.01,0.04,0,0.25,0.16,0.06,0.02,1.51,0.01,0.04,0,0.25,0.01,0.04,0,0.24,0.01,0.19,0.02,1.5,0.01,0.04,0,0.25,0.01,0.04,0,0.24,0.01,0.06,0.15,1.52,0.01,0.04,0,0.25,0.01,0.04,0.01,0.24,0.01,0.06,
1559664604.18,1559664609.15,1559664614.14,1559664619.15,1559664624.15,1559664629.14,1559664634.17,1559664639.15,1559664644.14,1559664649.15,1559664654.15,1559664659.14,1559664664.15,1559664669.15,1559664674.14,1559664679.15,1559664684.15,1559664689.14,1559664694.15,1559664699.15,1559664704.14,1559664709.15,1559664714.15,1559664719.14,1559664724.15,1559664729.15,1559664734.18,1559664739.17,1559664744.15,1559664749.14,1559664754.15,1559664759.15,1559664764.14,1559664769.15,1559664774.15,1559664779.15,1559664784.15,1559664789.16,1559664794.14,1559664799.15,1559664804.15,1559664809.14,1559664814.15,1559664819.15,1559664824.14,1559664829.15,1559664834.15,1559664839.14,1559664844.15,1559664849.15,1559664854.13,1559664859.15,1559664864.15,1559664869.14,1559664874.15,1559664879.15,1559664884.15,1559664889.15,1559664894.15,1559664899.14,
0.02,1.62,0.01,0.04,0,0.24,0.01,0.04,0,0.3,0.01,0.06,0.02,1.5,0.16,0.04,0,0.24,0.01,0.04,0.01,0.24,0.01,0.06,0.01,1.54,0.01,0.19,0.01,0.24,0.01,0.04,0.01,0.24,0.01,0.06,0.02,1.51,0.01,0.04,0.15,0.24,0.01,0.04,0.01,0.24,0.01,0.06,0.03,1.5,0.01,0.04,0.01,0.39,0.01,0.04,0.01,0.24,0.01,0.06,
1559664904.15,1559664909.15,1559664914.14,1559664919.15,1559664924.15,1559664929.14,1559664934.15,1559664939.15,1559664944.14,1559664949.21,1559664954.15,1559664959.14,1559664964.15,1559664969.15,1559664974.14,1559664979.15,1559664984.15,1559664989.14,1559664994.15,1559664999.15,1559665004.14,1559665009.18,1559665014.15,1559665019.14,1559665024.2,1559665029.15,1559665034.14,1559665039.15,1559665044.15,1559665049.14,1559665054.15,1559665059.15,1559665064.14,1559665069.15,1559665074.15,1559665079.14,1559665084.15,1559665089.15,1559665094.14,1559665099.15,1559665104.15,1559665109.14,1559665114.15,1559665119.16,1559665124.14,1559665129.15,1559665134.15,1559665139.14,1559665144.15,1559665149.15,1559665154.14,1559665159.15,1559665164.17,1559665169.14,1559665174.15,1559665179.15,1559665184.14,1559665189.15,1559665194.15,1559665199.14,
0.01,5.45,0.01,0.04,0.01,0.24,0.13,0.04,0.01,0.24,0.05,0.06,0.03,1.5,0.01,0.04,0.01,0.24,0.01,0.14,0.01,0.24,0.01,0.06,0.02,1.51,0.01,0.04,0.01,0.24,0.01,0.04,0.11,0.24,0.01,0.06,0.02,1.53,0.01,0.04,0.01,0.24,0.01,0.04,0.01,0.34,0.01,0.06,0.02,1.5,0.01,0.04,0.01,0.48,0.02,0.04,0.02,0.24,0.09,0.1,
1559665204.15,1559665209.15,1559665214.14,1559665219.15,1559665224.16,1559665229.15,1559665234.15,1559665239.15,1559665244.14,1559665249.19,1559665254.15,1559665259.14,1559665264.14,1559665269.15,1559665274.16,1559665279.15,1559665284.15,1559665289.13,1559665294.21,1559665299.15,1559665304.15,1559665309.15,1559665314.15,1559665319.15,1559665324.15,1559665329.15,1559665334.21,1559665339.25,1559665344.15,1559665349.16,1559665354.15,1559665359.15,1559665364.15,1559665369.15,1559665374.15,1559665379.19,1559665384.24,1559665389.16,1559665394.15,1559665399.15,1559665404.14,1559665409.15,1559665414.15,1559665419.17,1559665424.14,1559665429.15,1559665434.15,1559665439.14,1559665444.15,1559665449.15,1559665454.14,1559665459.15,1559665464.15,1559665469.14,1559665474.14,1559665479.15,1559665484.14,1559665489.15,1559665494.15,1559665499.14,
1.4,1.53,0.01,0.04,0.01,0.24,0.01,0.04,0.01,0.48,0.01,0.18,0.12,1.51,0.01,0.04,0.01,0.25,0.01,0.04,0.01,0.24,0.01,0.06,0.13,1.57,0.01,0.04,0.01,0.25,0,0.04,0.01,0.25,0,0.06,0.01,1.61,0.04,0.04,0.01,0.25,0.01,0.04,0.01,0.25,0,0.06,0.03,1.51,0.06,0.08,0.01,0.25,0,0.04,0.02,0.25,0,0.06,
1559665504.17,1559665509.15,1559665514.14,1559665519.15,1559665524.15,1559665529.14,1559665534.17,1559665539.15,1559665544.14,1559665549.15,1559665554.15,1559665559.14,1559665564.15,1559665569.15,1559665574.14,1559665579.15,1559665584.15,1559665589.14,1559665594.15,1559665599.15,1559665604.15,1559665609.15,1559665614.16,1559665619.14,1559665624.15,1559665629.15,1559665634.14,1559665639.15,1559665644.15,1559665649.14,1559665654.17,1559665659.15,1559665664.14,1559665669.15,1559665674.15,1559665679.14,1559665684.15,1559665689.15,1559665694.14,1559665699.19,1559665704.15,1559665709.15,1559665714.15,1559665719.15,1559665724.14,1559665729.15,1559665734.15,1559665739.14,1559665744.14,1559665749.15,1559665754.14,1559665759.15,1559665764.15,1559665769.14,1559665774.15,1559665779.15,1559665784.14,1559665789.15,1559665794.15,1559665799.14,
0.2,9.74,0,0.13,0.07,0.25,0,0.04,0.01,0.24,0.01,0.06,0.04,1.53,0.58,5.06,0.04,0.3,0.01,0.04,0.01,0.25,0.01,0.06,0.03,1.52,0,0.04,0.01,0.26,0.12,0.04,0.01,0.25,0,0.06,0.02,1.5,0.01,0.04,0,0.25,0,0.14,0,0.25,0,0.06,0,1.53,0.01,0.04,0,0.25,0.01,0.04,0.1,0.25,0.01,0.06,
1559665804.15,1559665809.16,1559665814.14,1559665819.15,1559665824.15,1559665829.14,1559665834.15,1559665839.15,1559665844.14,1559665849.15,1559665854.16,1559665859.15,1559665864.17,1559665869.15,1559665874.13,1559665879.15,1559665884.15,1559665889.14,1559665894.15,1559665899.15,1559665904.14,1559665909.15,1559665914.15,1559665919.14,1559665924.21,1559665929.15,1559665934.16,1559665939.17,1559665944.15,1559665949.14,1559665954.15,1559665959.15,1559665964.14,1559665969.15,1559665974.15,1559665979.14,1559665984.15,1559665989.15,1559665994.14,1559665999.25,1559666004.15,1559666009.14,1559666014.15,1559666019.15,1559666024.14,1559666029.15,1559666034.15,1559666039.14,1559666044.19,1559666049.15,1559666054.14,1559666059.15,1559666064.15,1559666069.13,1559666074.15,1559666079.15,1559666084.15,1559666089.15,1559666094.15,1559666099.14,
0.02,1.5,0.01,0.04,0,0.25,0.01,0.05,0,0.34,0,0.06,0.02,1.51,0.04,0.05,0,0.25,0,0.05,0,0.25,0.1,0.06,0.02,1.52,0.01,0.05,0,0.25,0,0.05,0,0.25,0,0.18,0.02,1.5,0.01,0.05,0,0.25,0.01,0.04,0.01,0.25,0.01,0.06,0.12,1.5,0.01,0.04,0.01,0.25,0.01,0.04,0.01,0.24,0.01,0.06,
1559666104.15,1559666109.15,1559666114.14,1559666119.15,1559666124.15,1559666129.14,1559666134.15,1559666139.15,1559666144.14,1559666149.15,1559666154.15,1559666159.14,1559666164.15,1559666169.15,1559666174.14,1559666179.15,1559666184.15,1559666189.14,1559666194.15,1559666199.16,1559666204.14,1559666209.15,1559666214.15,1559666219.14,1559666224.21,1559666229.15,1559666234.14,1559666239.15,1559666244.15,1559666249.14,1559666254.16,1559666259.15,1559666264.14,1559666269.15,1559666274.15,1559666279.14,1559666284.15,1559666289.16,1559666294.14,1559666299.15,1559666304.15,1559666309.14,1559666314.15,1559666319.15,1559666324.14,1559666329.15,1559666334.15,1559666339.14,1559666344.15,1559666349.15,1559666354.14,1559666359.15,1559666364.16,1559666369.14,1559666374.15,1559666379.15,1559666384.14,1559666389.15,1559666394.15,1559666399.14,
