46.29,11.55,33.47,28.66,8.99,2.8,2.2,59.95,22.37,13.43,4.39,23.8,72.11,7.99,5.46,34.93,8.98,2.6,2.6,59.68,9.01,16.44,11.57,23.64,46.51,6.54,2.62,28.64,8.77,2.81,2.6,59.85,8.79,2.81,16.26,24.93,54.15,2.8,6.58,28.7,8.43,2.93,2.4,59.83,8.99,2.8,2.2,31.09,65.7,6.59,2.2,29.05,8.99,2.6,2.2,60.07,8.98,2.61,2.16,19.37,
1559659132.52,1559659137.54,1559659142.53,1559659147.52,1559659152.53,1559659157.53,1559659162.52,1559659167.52,1559659172.53,1559659177.52,1559659182.53,1559659187.53,1559659192.52,1559659197.52,1559659204.11,1559659207.52,1559659212.53,1559659217.53,1559659222.53,1559659227.54,1559659232.53,1559659237.52,1559659242.53,1559659247.57,1559659252.53,1559659257.57,1559659262.53,1559659267.53,1559659272.55,1559659277.54,1559659282.54,1559659287.54,1559659292.54,1559659297.52,1559659302.57,1559659307.54,1559659312.53,1559659317.53,1559659322.54,1559659327.52,1559659332.74,1559659337.53,1559659342.53,1559659347.52,1559659352.53,1559659357.52,1559659362.52,1559659367.54,1559659372.52,1559659377.53,1559659382.53,1559659387.52,1559659392.52,1559659397.52,1559659402.52,1559659407.53,1559659412.54,1559659417.53,1559659422.63,1559659733.76,
7.99,5.46,34.93,8.98,2.6,2.6,59.68,9.01,16.44,11.57,23.64,46.51,6.54,2.62,28.64,8.77,2.81,2.6,59.85,8.79,2.81,16.26,24.93,54.15,2.8,6.58,28.7,8.43,2.93,2.4,59.83,8.99,2.8,2.2,31.09,65.7,6.59,2.2,29.05,8.99,2.6,2.2,60.07,8.98,2.61,2.16,19.37,30.43,7.62,32.48,9.68,18.22,13.15,59.54,9.61,1.98,3.82,59.88,36.47,6.01,
1559659197.52,1559659204.11,1559659207.52,1559659212.53,1559659217.53,1559659222.53,1559659227.54,1559659232.53,1559659237.52,1559659242.53,1559659247.57,1559659252.53,1559659257.57,1559659262.53,1559659267.53,1559659272.55,1559659277.54,1559659282.54,1559659287.54,1559659292.54,1559659297.52,1559659302.57,1559659307.54,1559659312.53,1559659317.53,1559659322.54,1559659327.52,1559659332.74,1559659337.53,1559659342.53,1559659347.52,1559659352.53,1559659357.52,1559659362.52,1559659367.54,1559659372.52,1559659377.53,1559659382.53,1559659387.52,1559659392.52,1559659397.52,1559659402.52,1559659407.53,1559659412.54,1559659417.53,1559659422.63,1559659733.76,1559659739.15,1559659744.13,1559659749.18,1559659754.14,1559659759.14,1559659764.16,1559659769.14,1559659774.14,1559659779.18,1559659784.16,1559659789.14,1559659794.15,1559659799.14,
5.41,25.71,9.6,2.01,16.53,68.99,9.58,2,2.81,59.58,10.78,6.02,6.4,24.67,9.65,1.99,2,75.31,18.27,1.99,2.41,59.65,10.51,6.02,2.4,28.93,9.06,2.23,2.4,60.31,22.99,11.18,2.41,60.21,9.97,6.62,6.4,24.73,9.03,2.4,2.59,60.18,8.8,16.36,12.83,59.98,9.96,6.62,6.62,24.75,16.21,4.01,2.2,118.73,12.79,2.59,17.07,70.58,9.98,7.81,
1559659804.13,1559659809.15,1559659814.15,1559659819.14,1559659824.16,1559659829.13,1559659834.15,1559659839.15,1559659844.14,1559659849.14,1559659854.15,1559659859.14,1559659864.14,1559659869.16,1559659874.14,1559659879.15,1559659884.15,1559659889.16,1559659894.14,1559659899.15,1559659904.14,1559659909.2,1559659914.15,1559659919.14,1559659924.14,1559659929.15,1559659934.22,1559659939.15,1559659944.15,1559659949.14,1559659954.14,1559659959.16,1559659964.14,1559659969.14,1559659974.15,1559659979.14,1559659984.14,1559659989.15,1559659994.14,1559659999.14,1559660004.15,1559660009.14,1559660014.14,1559660019.15,1559660024.14,1559660029.14,1559660034.16,1559660039.15,1559660044.14,1559660049.15,1559660054.14,1559660059.14,1559660064.15,1559660069.14,1559660074.14,1559660079.16,1559660084.14,1559660089.14,1559660094.15,1559660099.15,
2.2,29.2,8.82,2.6,2,60.78,8.8,2.59,2.01,125.34,36.93,6.42,5.8,24.95,9.62,2.4,1.8,60.24,9.62,2.39,1.61,60.38,12.47,27.92,5.59,25.15,9.62,2,2,60.51,9.48,2.02,2,60.55,9.58,7.02,24.99,29.14,9.63,1.8,2.19,60.38,23.39,15.36,2.21,59.8,9.8,20.86,19.79,48.71,9.81,2,10.78,60.17,10,2,2.81,59.95,9.98,33.08,
1559660104.15,1559660109.15,1559660114.14,1559660119.14,1559660124.15,1559660129.14,1559660134.14,1559660139.15,1559660144.14,1559660149.14,1559660154.15,1559660159.14,1559660164.14,1559660169.15,1559660174.14,1559660179.14,1559660184.15,1559660189.15,1559660194.14,1559660199.16,1559660204.14,1559660209.14,1559660214.19,1559660219.13,1559660224.14,1559660229.15,1559660234.14,1559660239.14,1559660244.15,1559660249.14,1559660254.2,1559660259.15,1559660264.15,1559660269.14,1559660274.15,1559660279.14,1559660284.14,1559660289.15,1559660294.14,1559660299.14,1559660304.15,1559660309.14,1559660314.14,1559660319.15,1559660324.13,1559660329.15,1559660334.15,1559660339.14,1559660344.14,1559660349.15,1559660354.14,1559660359.14,1559660364.15,1559660369.14,1559660374.14,1559660379.15,1559660384.13,1559660389.14,1559660394.15,1559660399.14,
7.4,93.17,32.79,2.01,1.99,60.18,9.99,1.99,2.01,59.98,9.96,7.22,2,28.77,16.79,62.06,2,60.01,10.18,1.99,2.01,59.76,10.19,6.98,6.22,24.57,9.99,1.77,25.79,60.09,10.2,1.4,2.4,58.67,10.58,6.61,6.4,24.58,10.42,1.2,2.6,82.48,10.59,1.2,2.61,59.57,10.38,6.62,2.6,28.27,10.46,1.4,2.59,68.59,33.19,1.4,5.01,59.43,10.4,6.62,
1559660404.14,1559660409.15,1559660414.15,1559660419.14,1559660424.15,1559660429.14,1559660434.14,1559660439.16,1559660444.14,1559660449.14,1559660454.16,1559660459.15,1559660464.14,1559660469.15,1559660474.15,1559660479.15,1559660484.16,1559660489.14,1559660494.15,1559660499.17,1559660504.14,1559660509.15,1559660514.15,1559660519.17,1559660524.15,1559660529.16,1559660534.26,1559660539.35,1559660544.16,1559660549.15,1559660554.15,1559660559.16,1559660564.15,1559660569.25,1559660574.16,1559660579.15,1559660584.15,1559660589.15,1559660594.15,1559660599.15,1559660604.15,1559660609.15,1559660614.15,1559660619.15,1559660624.14,1559660629.14,1559660634.15,1559660639.14,1559660644.14,1559660649.16,1559660654.14,1559660659.14,1559660664.15,1559660669.14,1559660674.14,1559660679.15,1559660684.14,1559660689.15,1559660694.15,1559660699.14,
28.02,24.33,10.43,1.2,2.79,59.77,10.2,26.55,2.8,59.68,9.95,6.83,6.79,24.27,10.08,1.6,2.79,59.85,10,1.59,26.89,59.53,9.96,6.82,6.79,24.37,9.83,1.6,2.6,59.82,10.2,1.59,2.41,83.66,10.19,6.81,6.41,24.5,10.25,1.6,2.19,60.2,23.8,15.13,2.21,60.08,33.79,20.71,19.81,24.75,9.83,2,2.2,60.15,18.4,1.98,3.83,59.93,9.59,54.82,
1559660704.13,1559660709.15,1559660714.14,1559660719.14,1559660724.15,1559660729.14,1559660734.14,1559660739.15,1559660744.14,1559660749.14,1559660754.16,1559660759.14,1559660764.15,1559660769.18,1559660774.14,1559660779.14,1559660784.16,1559660789.14,1559660794.14,1559660799.17,1559660804.15,1559660809.14,1559660814.16,1559660819.14,1559660824.15,1559660829.15,1559660834.14,1559660839.15,1559660844.15,1559660849.14,1559660854.14,1559660859.17,1559660864.14,1559660869.14,1559660874.15,1559660879.14,1559660884.14,1559660889.16,1559660894.14,1559660899.14,1559660904.15,1559660909.14,1559660914.14,1559660919.16,1559660924.14,1559660929.14,1559660934.17,1559660939.14,1559660944.14,1559660949.15,1559660954.14,1559660959.15,1559660964.15,1559660969.14,1559660974.14,1559660979.18,1559660984.14,1559660989.14,1559660994.15,1559660999.16,
6.24,24.67,9.65,2.2,2.2,60.13,9.6,2.19,2.21,59.87,9.32,7.66,29.07,24.69,9.42,2.4,2.2,60.13,9.21,2.38,2.42,59.89,9.19,7.62,2.4,51.47,8.76,2.81,2.41,60.12,8.8,2.79,2.41,59.76,8.83,7.81,5.81,25.13,33.37,2.6,1.78,61.35,9,2.39,2.01,60.31,9.18,7.62,6,25.09,9.25,25.18,1.99,60.61,9.2,10.81,3.26,60.3,9.19,7.41,
1559661004.13,1559661009.16,1559661014.14,1559661019.14,1559661024.15,1559661029.14,1559661034.14,1559661039.16,1559661044.14,1559661049.15,1559661054.19,1559661059.15,1559661064.14,1559661069.16,1559661074.15,1559661079.15,1559661084.15,1559661089.14,1559661094.14,1559661099.17,1559661104.14,1559661109.14,1559661114.15,1559661119.14,1559661124.14,1559661129.15,1559661134.18,1559661139.17,1559661144.15,1559661149.14,1559661154.14,1559661159.17,1559661164.14,1559661169.16,1559661174.15,1559661179.14,1559661184.14,1559661189.19,1559661194.14,1559661199.14,1559661204.2,1559661209.14,1559661214.14,1559661219.16,1559661224.14,1559661229.14,1559661234.15,1559661239.14,1559661244.14,1559661249.16,1559661254.14,1559661259.14,1559661264.15,1559661269.14,1559661274.14,1559661279.23,1559661284.13,1559661289.14,1559661294.15,1559661299.14,
2.2,29.05,9.24,2.2,24.98,60.57,9.2,2.19,2.21,60.33,9.19,7.42,6.19,25.2,9.22,2.2,2.2,83.43,9.2,2,2.4,60.48,9.18,7.02,6.4,24.87,9.21,1.8,2.38,61.4,36.62,1.79,2.41,60.76,8.58,7.42,2.4,29.49,8.64,2.2,2.37,61.84,22.16,39.69,2.21,60.37,8.98,20.25,20.6,25.35,9.02,1.4,2.99,60.67,9.01,1.2,33.71,60.57,9.01,32.28,
1559661304.13,1559661309.16,1559661314.14,1559661319.14,1559661324.15,1559661329.14,1559661334.14,1559661339.16,1559661344.14,1559661349.14,1559661354.15,1559661359.14,1559661364.15,1559661369.15,1559661374.14,1559661379.14,1559661384.15,1559661389.14,1559661394.14,1559661399.15,1559661404.14,1559661409.14,1559661414.15,1559661419.14,1559661424.14,1559661429.25,1559661434.13,1559661439.14,1559661444.19,1559661449.14,1559661454.14,1559661459.16,1559661464.14,1559661469.14,1559661474.15,1559661479.14,1559661484.14,1559661489.16,1559661494.14,1559661499.15,1559661504.21,1559661509.13,1559661514.14,1559661519.15,1559661524.14,1559661529.14,1559661534.15,1559661539.14,1559661544.14,1559661549.15,1559661554.14,1559661559.14,1559661564.15,1559661569.14,1559661574.14,1559661579.15,1559661584.14,1559661589.15,1559661594.15,1559661599.14,
7,25.34,9.1,1.2,3,60.97,9,1.2,3.01,75.75,16.37,6.58,7,25.54,9.01,1.2,3.01,60.3,9.1,1.2,3,59.96,22.82,15.63,6.78,25.78,8.9,1.21,2.76,61.41,9.41,1.2,2.81,60.49,9.41,20.35,15.85,24.9,9.53,1.4,2.59,60.36,9.62,1.2,2.81,60.2,9.54,6.46,22.98,34.13,9.62,1.2,2.79,118.73,13.6,1.2,3.2,67.87,11.16,6.42,
1559661604.13,1559661609.19,1559661614.13,1559661619.14,1559661624.15,1559661629.14,1559661634.14,1559661639.15,1559661644.14,1559661649.14,1559661654.28,1559661659.14,1559661664.14,1559661669.15,1559661674.15,1559661679.16,1559661684.15,1559661689.19,1559661694.14,1559661699.15,1559661704.15,1559661709.22,1559661714.21,1559661719.13,1559661724.15,1559661729.15,1559661734.21,1559661739.16,1559661744.22,1559661749.16,1559661754.15,1559661759.17,1559661764.15,1559661769.16,1559661774.15,1559661779.16,1559661784.15,1559661789.21,1559661794.15,1559661799.15,1559661804.16,1559661809.15,1559661814.14,1559661819.15,1559661824.14,1559661829.15,1559661834.18,1559661839.13,1559661844.14,1559661849.15,1559661854.14,1559661859.14,1559661864.15,1559661869.14,1559661874.14,1559661879.15,1559661884.14,1559661889.14,1559661894.16,1559661899.14,
29.22,38.87,18.83,1.2,2.4,60.63,9.83,1.2,2.41,118.22,21.35,7.63,2.2,29.32,23.87,11.4,2.17,61.48,10,1.2,2.21,60.4,10.17,6.42,6,25.33,10.24,14.95,12.18,60.84,10.2,1.18,1.83,60.72,10.18,6.42,5.8,25.55,10.23,1.2,4.39,82.44,23.79,14.77,1.6,61.24,10.16,20.11,15.18,29.74,10.2,1.2,1.6,60.91,33.14,1,4.01,60.65,10.4,13.63,
1559661904.14,1559661909.15,1559661914.15,1559661919.15,1559661924.15,1559661929.15,1559661934.14,1559661939.16,1559661944.14,1559661949.14,1559661954.16,1559661959.14,1559661964.14,1559661969.15,1559661974.14,1559661979.14,1559661984.22,1559661989.14,1559661994.14,1559661999.16,1559662004.14,1559662009.14,1559662014.16,1559662019.14,1559662024.14,1559662029.16,1559662034.14,1559662039.15,1559662044.16,1559662049.14,1559662054.14,1559662059.21,1559662064.13,1559662069.14,1559662074.15,1559662079.14,1559662084.14,1559662089.15,1559662094.14,1559662099.14,1559662104.15,1559662109.14,1559662114.14,1559662119.15,1559662124.16,1559662129.14,1559662134.16,1559662139.13,1559662144.14,1559662149.15,1559662154.15,1559662159.15,1559662164.15,1559662169.14,1559662174.15,1559662179.15,1559662184.14,1559662189.15,1559662194.15,1559662199.14,
34.73,90.93,14.25,1.2,1.8,60.78,10.38,23.78,1.8,60.7,10.19,5.01,7.19,25.57,17.45,36.55,2,61.03,9.97,1.2,24.91,60.7,9.79,5.41,3.2,29.55,9.72,1.74,1.67,60.98,9.77,1.4,2.01,83.18,9.99,5.41,7.19,25.17,10.02,1.6,2,60.58,9.9,1.61,2,60.1,32.97,5.61,7.18,24.99,10.03,1.8,2,59.98,10.21,1.8,3.61,60.1,10.18,28.71,
1559662204.15,1559662209.15,1559662214.13,1559662219.15,1559662224.15,1559662229.14,1559662234.15,1559662239.15,1559662244.14,1559662249.15,1559662254.15,1559662259.14,1559662264.15,1559662269.15,1559662274.14,1559662279.15,1559662284.15,1559662289.13,1559662294.15,1559662299.16,1559662304.14,1559662309.15,1559662314.15,1559662319.14,1559662324.14,1559662329.15,1559662334.19,1559662339.36,1559662344.15,1559662349.13,1559662354.15,1559662359.17,1559662364.14,1559662369.15,1559662374.15,1559662379.14,1559662384.15,1559662389.15,1559662394.14,1559662399.15,1559662404.15,1559662409.13,1559662414.19,1559662419.15,1559662424.14,1559662429.15,1559662434.15,1559662439.14,1559662444.15,1559662449.15,1559662454.14,1559662459.15,1559662464.15,1559662469.15,1559662474.15,1559662479.15,1559662484.14,1559662489.15,1559662494.16,1559662499.14,
14.98,24.97,10.22,1.6,2,60.36,10.19,1.6,2,60.25,10.2,5.61,28.77,24.97,10.23,1.39,2.21,60.36,10.18,1.4,2.21,60.07,10.2,5.41,3.39,52.96,10.24,1.4,2.2,59.97,10.58,1.2,2.41,59.54,9.58,6.42,7.39,24.57,32.39,3.4,2.2,60.17,19.97,19,2,59.88,6.59,22.87,20.94,24.81,6.61,27.95,2.2,59.82,6.6,5.2,3.61,59.67,6.6,9.22,
1559662504.15,1559662509.15,1559662514.14,1559662519.15,1559662524.15,1559662529.14,1559662534.14,1559662539.15,1559662544.15,1559662549.15,1559662554.15,1559662559.14,1559662564.15,1559662569.15,1559662574.14,1559662579.19,1559662584.15,1559662589.14,1559662594.15,1559662599.16,1559662604.14,1559662609.15,1559662614.15,1559662619.14,1559662624.15,1559662629.15,1559662634.13,1559662639.15,1559662644.15,1559662649.14,1559662654.15,1559662659.15,1559662664.14,1559662669.14,1559662674.15,1559662679.14,1559662684.15,1559662689.15,1559662694.15,1559662699.15,1559662704.16,1559662709.14,1559662714.15,1559662719.15,1559662724.14,1559662729.15,1559662734.15,1559662739.14,1559662744.15,1559662749.15,1559662754.14,1559662759.15,1559662764.15,1559662769.15,1559662774.15,1559662779.16,1559662784.14,1559662789.15,1559662794.15,1559662799.14,
29.33,38.39,6.82,5.19,24.97,59.8,6.98,5.19,2.2,59.8,7,9.22,7.38,24.19,7.22,5.19,2.2,82.04,7.4,5.16,2.21,59.1,6.62,9.8,7.19,24.43,7.1,5.16,2.03,59.68,29.48,6,2,59.65,6.39,9.64,3.25,28.65,6.19,6,2,59.63,6.4,28.77,1.8,59.91,6.19,10.22,6.79,24.8,6.21,6.19,1.6,60.15,6.18,6.2,26.66,59.91,6.19,10.22,
1559662804.15,1559662809.15,1559662814.14,1559662819.15,1559662824.15,1559662829.14,1559662834.15,1559662839.16,1559662844.16,1559662849.15,1559662854.15,1559662859.14,1559662864.15,1559662869.15,1559662874.14,1559662879.15,1559662884.15,1559662889.15,1559662894.15,1559662899.19,1559662904.15,1559662909.16,1559662914.15,1559662919.15,1559662924.16,1559662929.15,1559662934.22,1559662939.26,1559662944.2,1559662949.2,1559662954.15,1559662959.15,1559662964.15,1559662969.15,1559662974.16,1559662979.25,1559662984.16,1559662989.15,1559662994.15,1559662999.15,1559663004.15,1559663009.15,1559663014.15,1559663019.15,1559663024.15,1559663029.15,1559663034.15,1559663039.15,1559663044.15,1559663049.15,1559663054.14,1559663059.15,1559663064.15,1559663069.14,1559663074.15,1559663079.15,1559663084.14,1559663089.15,1559663094.15,1559663099.14,
6.79,24.79,15.03,6.19,1.4,60.35,6.19,6.2,1.4,82.4,6.63,10.63,2.59,28.59,6.81,6.79,1.6,60,6.19,6.39,1.6,59.77,28.77,10.62,6.39,25,5.81,6.79,1.2,60.35,5.55,7.03,1.21,60.09,5.4,34.07,6.39,24.98,5.41,7.19,1,60.55,18.85,20.7,1.2,60.39,5.4,24.46,39.14,29.17,5.41,6.79,1.4,60.56,5.39,6.79,2.01,60.29,5.4,10.83,
1559663104.15,1559663109.15,1559663114.14,1559663119.15,1559663124.15,1559663129.14,1559663134.15,1559663139.15,1559663144.14,1559663149.17,1559663154.15,1559663159.14,1559663164.15,1559663169.15,1559663174.14,1559663179.15,1559663184.15,1559663189.13,1559663194.15,1559663199.15,1559663204.14,1559663209.15,1559663214.15,1559663219.14,1559663224.15,1559663229.15,1559663234.14,1559663239.15,1559663244.15,1559663249.14,1559663254.18,1559663259.16,1559663264.14,1559663269.15,1559663274.15,1559663279.14,1559663284.15,1559663289.15,1559663294.14,1559663299.15,1559663304.15,1559663309.14,1559663314.18,1559663319.15,1559663324.15,1559663329.15,1559663334.15,1559663339.14,1559663344.15,1559663349.15,1559663354.14,1559663359.14,1559663364.15,1559663369.14,1559663374.14,1559663379.15,1559663384.14,1559663389.15,1559663394.15,1559663399.14,
32.35,47.49,5.62,15.57,1.6,59.95,5.79,6.79,1.6,59.7,5.8,10.83,6.79,24.58,28.68,6.74,1.61,59.92,5.79,6.6,1.4,60.1,5.79,10.43,6.59,25.18,5.39,29.14,1.22,60.72,2.79,9.4,1.2,60.45,1.4,14.64,6.59,25.19,1.4,10.77,15.2,69.55,1.2,10.99,1,60.8,1.2,14.64,6.59,25.37,1.4,10.38,1.6,132.56,15.76,10.39,3.21,59.83,1.81,14.4,
1559663404.14,1559663409.16,1559663414.13,1559663419.14,1559663424.15,1559663429.14,1559663434.15,1559663439.15,1559663444.14,1559663449.15,1559663454.15,1559663459.14,1559663464.15,1559663469.15,1559663474.14,1559663479.18,1559663484.15,1559663489.14,1559663494.15,1559663499.15,1559663504.14,1559663509.15,1559663514.15,1559663519.14,1559663524.15,1559663529.15,1559663534.16,1559663539.25,1559663544.15,1559663549.14,1559663554.15,1559663559.15,1559663564.14,1559663569.15,1559663574.15,1559663579.14,1559663584.15,1559663589.15,1559663594.14,1559663599.15,1559663604.15,1559663609.14,1559663614.15,1559663619.15,1559663624.15,1559663629.15,1559663634.15,1559663639.14,1559663644.15,1559663649.15,1559663654.14,1559663659.15,1559663664.15,1559663669.14,1559663674.15,1559663679.16,1559663684.14,1559663689.17,1559663694.15,1559663699.15,
6.8,26.21,1.6,10.58,8.59,61.97,15.38,19.37,1.6,118.12,5.79,21.86,7.98,25,1.8,10.41,1.6,60.35,1.8,23.94,12.05,60.1,1.8,13.44,3.59,28.97,1.4,9.98,2.4,60.19,1.58,10.08,16.26,70.01,1.6,14.04,7.58,24.78,1.6,9.98,2.4,60.12,15.19,23.55,2.41,73.65,10.59,27.67,20.96,24.98,1.6,9.98,2.2,60.16,1.8,9.99,4.41,59.68,7.4,31.29,
1559663704.15,1559663709.15,1559663714.14,1559663719.15,1559663724.15,1559663729.14,1559663734.15,1559663739.15,1559663744.14,1559663749.15,1559663754.15,1559663759.14,1559663764.15,1559663769.15,1559663774.15,1559663779.15,1559663784.15,1559663789.14,1559663794.15,1559663799.16,1559663804.14,1559663809.15,1559663814.15,1559663819.14,1559663824.15,1559663829.15,1559663834.14,1559663839.15,1559663844.15,1559663849.14,1559663854.19,1559663859.15,1559663864.13,1559663869.15,1559663874.15,1559663879.14,1559663884.15,1559663889.15,1559663894.14,1559663899.15,1559663904.15,1559663909.14,1559663914.15,1559663919.16,1559663924.14,1559663929.15,1559663934.15,1559663939.14,1559663944.15,1559663949.15,1559663954.14,1559663959.15,1559663964.15,1559663969.14,1559663974.15,1559663979.15,1559663984.14,1559663989.15,1559663994.15,1559663999.14,
30.53,96.54,1.81,9.39,2.45,63.69,6.99,9.59,2.41,59.88,1.99,14.67,42.02,11.89,6.4,47.81,2.56,60.86,2.19,9.43,2.4,60.02,2.2,13.02,6.7,48.97,2.18,9.18,2.63,59.81,2.21,9.2,2.36,60.92,2.4,13.2,2.4,30,25.19,8.99,2.6,59.24,2.41,9.07,2.4,60.06,2.4,13.03,7.19,25.37,2,33.33,2,60.54,2.2,9.39,3.41,60.3,2.19,13.46,
1559664004.15,1559664009.15,1559664014.14,1559664019.25,1559664024.15,1559664029.14,1559664034.15,1559664039.15,1559664044.14,1559664049.15,1559664054.16,1559664059.14,1559664064.19,1559664069.15,1559664074.15,1559664079.15,1559664084.22,1559664089.13,1559664094.16,1559664099.15,1559664104.15,1559664109.15,1559664114.15,1559664119.22,1559664124.15,1559664129.15,1559664134.2,1559664139.21,1559664144.15,1559664149.17,1559664154.16,1559664159.15,1559664164.23,1559664169.15,1559664174.15,1559664179.15,1559664184.15,1559664189.15,1559664194.15,1559664199.15,1559664204.15,1559664209.21,1559664214.18,1559664219.15,1559664224.14,1559664229.15,1559664234.15,1559664239.14,1559664244.15,1559664249.15,1559664254.14,1559664259.15,1559664264.15,1559664269.14,1559664274.15,1559664279.15,1559664284.14,1559664289.15,1559664294.16,1559664299.14,
27.33,26.19,2.41,9.18,24.58,60.63,2.2,17.99,1.8,60.5,2.2,13.38,5.81,26.55,2.21,9.38,1.6,84.6,2.59,9.39,1.6,60.31,2.6,13.43,5.59,25.98,3.01,9.18,1.8,60.16,25.57,9.39,1.8,59.29,2.82,13.43,5.79,25.97,2.41,9.7,0.81,61.07,15.99,47.13,1,60.82,2.2,27.47,18.57,26.77,2.4,9.8,1,60.96,2.19,10,26.07,60.47,2.4,14.03,
1559664304.15,1559664309.15,1559664314.14,1559664319.15,1559664324.15,1559664329.15,1559664334.15,1559664339.15,1559664344.14,1559664349.15,1559664354.15,1559664359.16,1559664364.15,1559664369.16,1559664374.14,1559664379.15,1559664384.15,1559664389.14,1559664394.15,1559664399.15,1559664404.14,1559664409.15,1559664414.15,1559664419.14,1559664424.15,1559664429.15,1559664434.14,1559664439.15,1559664444.15,1559664449.14,1559664454.15,1559664459.15,1559664464.14,1559664469.18,1559664474.15,1559664479.14,1559664484.15,1559664489.15,1559664494.14,1559664499.19,1559664504.15,1559664509.14,1559664514.15,1559664519.15,1559664524.14,1559664529.15,1559664534.15,1559664539.14,1559664544.15,1559664549.15,1559664554.15,1559664559.15,1559664564.15,1559664569.14,1559664574.15,1559664579.15,1559664584.14,1559664589.15,1559664594.15,1559664599.14,
5.76,51.9,3.81,9.77,1.2,60.51,2.58,9.84,9.62,85.67,2.6,13.84,1,30.56,2.61,9.78,1,60.72,2.6,9.79,1,60.44,26.59,13.84,4.99,26.6,2.39,9.81,1.21,60.52,2.4,9.99,1.2,59.68,3,39.19,5.2,25.72,2.81,10.18,1.2,59.92,2.8,10.19,1.2,59.5,3,14.23,23.96,29.58,3.01,10.17,1,59.93,2.99,10.2,2,59.77,2.8,14.23,
1559664604.18,1559664609.15,1559664614.14,1559664619.15,1559664624.15,1559664629.14,1559664634.17,1559664639.15,1559664644.14,1559664649.15,1559664654.15,1559664659.14,1559664664.15,1559664669.15,1559664674.14,1559664679.15,1559664684.15,1559664689.14,1559664694.15,1559664699.15,1559664704.14,1559664709.15,1559664714.15,1559664719.14,1559664724.15,1559664729.15,1559664734.18,1559664739.17,1559664744.15,1559664749.14,1559664754.15,1559664759.15,1559664764.14,1559664769.15,1559664774.15,1559664779.15,1559664784.15,1559664789.16,1559664794.14,1559664799.15,1559664804.15,1559664809.14,1559664814.15,1559664819.15,1559664824.14,1559664829.15,1559664834.15,1559664839.14,1559664844.15,1559664849.15,1559664854.13,1559664859.15,1559664864.15,1559664869.14,1559664874.15,1559664879.15,1559664884.15,1559664889.15,1559664894.15,1559664899.14,
5.19,48.76,3.01,10.18,1.2,59.74,3,10.19,1,67.01,3.24,14.23,5.19,25.19,27.48,10.17,1.2,59.33,3.19,10.19,1.4,58.74,3.22,14.03,1.38,29.7,3,33.74,1.8,59.52,3,9.79,1.8,59.29,3,13.63,5.98,25.4,2.81,9.58,24.78,59.73,16.37,22.95,2.21,59.47,2.8,27.07,19.76,25.39,2.81,9.58,2.19,83.3,2.79,10,3.21,58.67,2.6,14.23,
1559664904.15,1559664909.15,1559664914.14,1559664919.15,1559664924.15,1559664929.14,1559664934.15,1559664939.15,1559664944.14,1559664949.21,1559664954.15,1559664959.14,1559664964.15,1559664969.15,1559664974.14,1559664979.15,1559664984.15,1559664989.14,1559664994.15,1559664999.15,1559665004.14,1559665009.18,1559665014.15,1559665019.14,1559665024.2,1559665029.15,1559665034.14,1559665039.15,1559665044.15,1559665049.14,1559665054.15,1559665059.15,1559665064.14,1559665069.15,1559665074.15,1559665079.14,1559665084.15,1559665089.15,1559665094.14,1559665099.15,1559665104.15,1559665109.14,1559665114.15,1559665119.16,1559665124.14,1559665129.15,1559665134.15,1559665139.14,1559665144.15,1559665149.15,1559665154.14,1559665159.15,1559665164.17,1559665169.14,1559665174.15,1559665179.15,1559665184.14,1559665189.15,1559665194.15,1559665199.14,
2.4,54.54,2.61,10.18,2.4,58.89,25.21,10.39,2.41,58.25,11.29,14.43,6.2,24.96,2.4,10.41,2.2,59.21,2.37,34.78,2,59.18,2.4,14.4,5.8,25.22,2.57,10.14,2.04,59.01,2.61,10.19,26.03,59.2,2.4,14.28,5.75,25.83,2.2,10.4,1.8,59.5,2,10.56,1.81,82.37,2,14.64,5.79,25.58,1.8,10.58,1.8,117.84,6,10.58,4.21,59.47,15.59,23.47,
1559665204.15,1559665209.15,1559665214.14,1559665219.15,1559665224.16,1559665229.15,1559665234.15,1559665239.15,1559665244.14,1559665249.19,1559665254.15,1559665259.14,1559665264.14,1559665269.15,1559665274.16,1559665279.15,1559665284.15,1559665289.13,1559665294.21,1559665299.15,1559665304.15,1559665309.15,1559665314.15,1559665319.15,1559665324.15,1559665329.15,1559665334.21,1559665339.25,1559665344.15,1559665349.16,1559665354.15,1559665359.15,1559665364.15,1559665369.15,1559665374.15,1559665379.19,1559665384.24,1559665389.16,1559665394.15,1559665399.15,1559665404.14,1559665409.15,1559665414.15,1559665419.17,1559665424.14,1559665429.15,1559665434.15,1559665439.14,1559665444.15,1559665449.15,1559665454.14,1559665459.15,1559665464.15,1559665469.14,1559665474.14,1559665479.15,1559665484.14,1559665489.15,1559665494.15,1559665499.14,
23.47,29.71,3,10.18,2.4,59.54,1.99,10.03,2.61,117.14,1.8,37.48,22.96,26.79,1.8,9.99,2.4,59.87,1.6,10.19,2.4,59.79,1.6,14.25,19.96,36.17,1.4,10.19,2.4,60.14,1.19,10.43,2.41,59.9,1.2,14.04,2.79,44.17,10.23,9.89,2.82,60.05,14.8,23.58,2.81,59.86,1.2,27.47,20.17,26.36,15.04,18.76,2.6,60.35,1.2,9.99,4.21,60.06,0.8,14.44,
1559665504.17,1559665509.15,1559665514.14,1559665519.15,1559665524.15,1559665529.14,1559665534.17,1559665539.15,1559665544.14,1559665549.15,1559665554.15,1559665559.14,1559665564.15,1559665569.15,1559665574.14,1559665579.15,1559665584.15,1559665589.14,1559665594.15,1559665599.15,1559665604.15,1559665609.15,1559665614.16,1559665619.14,1559665624.15,1559665629.15,1559665634.14,1559665639.15,1559665644.15,1559665649.14,1559665654.17,1559665659.15,1559665664.14,1559665669.15,1559665674.15,1559665679.14,1559665684.15,1559665689.15,1559665694.14,1559665699.19,1559665704.15,1559665709.15,1559665714.15,1559665719.15,1559665724.14,1559665729.15,1559665734.15,1559665739.14,1559665744.14,1559665749.15,1559665754.14,1559665759.15,1559665764.15,1559665769.14,1559665774.15,1559665779.15,1559665784.14,1559665789.15,1559665794.15,1559665799.14,
9.18,119.49,1,24.37,11.19,60.36,1,10.39,2.21,59.7,1.4,14.61,9.56,31.33,5.82,48.88,10.6,74.34,1.4,10.59,2,59.88,1.4,14.44,6.12,26.3,1,10.78,2.21,62.94,23.35,10.79,1.81,60.29,1,14.84,5.59,25.37,2.21,10.56,1.02,61.11,1,33.77,1,60.66,1.2,15.04,0.99,29.57,2.61,10.78,1.2,60.82,1.4,10.79,24.8,60.65,1.6,14.84,
1559665804.15,1559665809.16,1559665814.14,1559665819.15,1559665824.15,1559665829.14,1559665834.15,1559665839.15,1559665844.14,1559665849.15,1559665854.16,1559665859.15,1559665864.17,1559665869.15,1559665874.13,1559665879.15,1559665884.15,1559665889.14,1559665894.15,1559665899.15,1559665904.14,1559665909.15,1559665914.15,1559665919.14,1559665924.21,1559665929.15,1559665934.16,1559665939.17,1559665944.15,1559665949.14,1559665954.15,1559665959.15,1559665964.14,1559665969.15,1559665974.15,1559665979.14,1559665984.15,1559665989.15,1559665994.14,1559665999.25,1559666004.15,1559666009.14,1559666014.15,1559666019.15,1559666024.14,1559666029.15,1559666034.15,1559666039.14,1559666044.19,1559666049.15,1559666054.14,1559666059.15,1559666064.15,1559666069.13,1559666074.15,1559666079.15,1559666084.15,1559666089.15,1559666094.15,1559666099.14,
4.99,25.4,2.61,10.98,0.8,60.95,1.4,11,0.8,83.46,1.2,15.24,4.79,25.59,10.42,11.18,0.8,60.96,1.2,11.18,0.6,60.7,23.96,15.24,4.54,26.09,2.2,11.37,0.6,61.18,1,11.42,0.6,60.68,1.2,38.3,4.59,25.54,2.41,11,1,60.53,15.17,24.19,1.4,60.28,1.6,28.27,41.74,25.17,2.61,10.78,1.4,60.45,1.6,10.59,2.81,59.8,1.8,14.43,
1559666104.15,1559666109.15,1559666114.14,1559666119.15,1559666124.15,1559666129.14,1559666134.15,1559666139.15,1559666144.14,1559666149.15,1559666154.15,1559666159.14,1559666164.15,1559666169.15,1559666174.14,1559666179.15,1559666184.15,1559666189.14,1559666194.15,1559666199.16,1559666204.14,1559666209.15,1559666214.15,1559666219.14,1559666224.21,1559666229.15,1559666234.14,1559666239.15,1559666244.15,1559666249.14,1559666254.16,1559666259.15,1559666264.14,1559666269.15,1559666274.15,1559666279.14,1559666284.15,1559666289.16,1559666294.14,1559666299.15,1559666304.15,1559666309.14,1559666314.15,1559666319.15,1559666324.14,1559666329.15,1559666334.15,1559666339.14,1559666344.15,1559666349.15,1559666354.14,1559666359.15,1559666364.16,1559666369.14,1559666374.15,1559666379.15,1559666384.14,1559666389.15,1559666394.15,1559666399.14,
