0,0,0,0,0,0,0,0,0,0,0,0,0,0,0,0,0,0,0,0,0,0,0,0,0,0,0,0,0,0,0,0,0,0,0,0,0,0,0,0,0,0,0,0,0,0,0,0,0,0,0,0,0,0,0,0,0,0,0,0,
1559659132.48,1559659137.47,1559659142.48,1559659147.47,1559659152.48,1559659157.47,1559659162.47,1559659167.47,1559659172.48,1559659177.47,1559659182.47,1559659187.47,1559659192.47,1559659197.47,1559659204.07,1559659207.47,1559659212.47,1559659217.47,1559659222.47,1559659227.47,1559659232.47,1559659237.47,1559659242.47,1559659247.47,1559659252.47,1559659257.47,1559659262.47,1559659267.47,1559659272.48,1559659277.47,1559659282.48,1559659287.47,1559659292.47,1559659297.47,1559659302.48,1559659307.48,1559659312.47,1559659317.47,1559659322.48,1559659327.47,1559659332.47,1559659337.47,1559659342.47,1559659347.47,1559659352.48,1559659357.47,1559659362.47,1559659367.47,1559659372.47,1559659377.48,1559659382.47,1559659387.47,1559659392.47,1559659397.47,1559659402.47,1559659407.47,1559659412.47,1559659417.47,1559659422.48,1559659733.7,
0,0,0,0,0,0,0,0,0,0,0,0,0,0,0,0,0,0,0,0,0,0,0,0,0,0,0,0,0,0,0,0,0,0,0,0,0,0,0,0,0,0,0,0,0,0,0,0,0,0,0,0,0,0,0,0,0,0,0,0,
1559659197.47,1559659204.07,1559659207.47,1559659212.47,1559659217.47,1559659222.47,1559659227.47,1559659232.47,1559659237.47,1559659242.47,1559659247.47,1559659252.47,1559659257.47,1559659262.47,1559659267.47,1559659272.48,1559659277.47,1559659282.48,1559659287.47,1559659292.47,1559659297.47,1559659302.48,1559659307.48,1559659312.47,1559659317.47,1559659322.48,1559659327.47,1559659332.47,1559659337.47,1559659342.47,1559659347.47,1559659352.48,1559659357.47,1559659362.47,1559659367.47,1559659372.47,1559659377.48,1559659382.47,1559659387.47,1559659392.47,1559659397.47,1559659402.47,1559659407.47,1559659412.47,1559659417.47,1559659422.48,1559659733.7,1559659739.09,1559659744.09,1559659749.09,1559659754.1,1559659759.1,1559659764.09,1559659769.1,1559659774.1,1559659779.09,1559659784.11,1559659789.1,1559659794.09,1559659799.1,
0,0,0,0,0,0,0,0,0,0,0,0,0,0,0,0,0,0,0,0,0,0,0,0,0,0,0,0,0,0,0,0,0,0,0,0,0,0,0,0,0,0,0,0,0,0,0,0,0,0,0,0,0,0,0,0,0,0,0,0,
1559659804.09,1559659809.09,1559659814.1,1559659819.1,1559659824.09,1559659829.09,1559659834.1,1559659839.09,1559659844.1,1559659849.1,1559659854.09,1559659859.1,1559659864.1,1559659869.09,1559659874.1,1559659879.1,1559659884.09,1559659889.11,1559659894.1,1559659899.09,1559659904.1,1559659909.1,1559659914.09,1559659919.1,1559659924.1,1559659929.09,1559659934.09,1559659939.1,1559659944.09,1559659949.1,1559659954.1,1559659959.09,1559659964.1,1559659969.1,1559659974.09,1559659979.1,1559659984.1,1559659989.09,1559659994.1,1559659999.1,1559660004.09,1559660009.1,1559660014.1,1559660019.09,1559660024.1,1559660029.1,1559660034.09,1559660039.1,1559660044.1,1559660049.09,1559660054.1,1559660059.1,1559660064.09,1559660069.1,1559660074.1,1559660079.09,1559660084.1,1559660089.1,1559660094.09,1559660099.11,
0,0,0,0,0,0,0,0,0,0,0,0,0,0,0,0,0,0,0,0,0,0,0,0,0,0,0,0,0,0,0,0,0,0,0,0,0,0,0,0,0,0,0,0,0,0,0,0,0,0,0,0,0,0,0,0,0,0,0,0,
1559660104.09,1559660109.09,1559660114.1,1559660119.1,1559660124.09,1559660129.1,1559660134.1,1559660139.09,1559660144.1,1559660149.1,1559660154.09,1559660159.1,1559660164.1,1559660169.09,1559660174.1,1559660179.1,1559660184.09,1559660189.1,1559660194.1,1559660199.09,1559660204.1,1559660209.1,1559660214.09,1559660219.09,1559660224.1,1559660229.09,1559660234.1,1559660239.1,1559660244.09,1559660249.1,1559660254.1,1559660259.09,1559660264.1,1559660269.1,1559660274.09,1559660279.1,1559660284.1,1559660289.09,1559660294.1,1559660299.1,1559660304.09,1559660309.1,1559660314.1,1559660319.09,1559660324.1,1559660329.1,1559660334.09,1559660339.1,1559660344.1,1559660349.09,1559660354.11,1559660359.1,1559660364.09,1559660369.1,1559660374.1,1559660379.09,1559660384.1,1559660389.1,1559660394.09,1559660399.1,
0,0,0,0,0,0,0,0,0,0,0,0,0,0,0,0,0,0,0,0,0,0,0,0,0,0,0,0,0,0,0,0,0,0,0,0,0,0,0,0,0,0,0,0,0,0,0,0,0,0,0,0,0,0,0,0,0,0,0,0,
1559660404.09,1559660409.09,1559660414.1,1559660419.09,1559660424.09,1559660429.1,1559660434.1,1559660439.09,1559660444.1,1559660449.1,1559660454.09,1559660459.1,1559660464.1,1559660469.09,1559660474.1,1559660479.1,1559660484.09,1559660489.09,1559660494.09,1559660499.09,1559660504.09,1559660509.1,1559660514.09,1559660519.09,1559660524.09,1559660529.09,1559660534.09,1559660539.1,1559660544.09,1559660549.09,1559660554.09,1559660559.09,1559660564.09,1559660569.09,1559660574.1,1559660579.1,1559660584.1,1559660589.09,1559660594.09,1559660599.09,1559660604.09,1559660609.09,1559660614.1,1559660619.09,1559660624.1,1559660629.1,1559660634.09,1559660639.1,1559660644.1,1559660649.09,1559660654.1,1559660659.1,1559660664.09,1559660669.1,1559660674.1,1559660679.09,1559660684.1,1559660689.1,1559660694.09,1559660699.1,
0,0,0,0,0,0,0,0,0,0,0,0,0,0,0,0,0,0,0,0,0,0,0,0,0,0,0,0,0,0,0,0,0,0,0,0,0,0,0,0,0,0,0,0,0,0,0,0,0,0,0,0,0,0,0,0,0,0,0,0,
1559660704.09,1559660709.09,1559660714.1,1559660719.1,1559660724.09,1559660729.1,1559660734.1,1559660739.09,1559660744.11,1559660749.1,1559660754.09,1559660759.1,1559660764.1,1559660769.09,1559660774.1,1559660779.1,1559660784.09,1559660789.1,1559660794.1,1559660799.09,1559660804.1,1559660809.1,1559660814.09,1559660819.1,1559660824.1,1559660829.09,1559660834.1,1559660839.1,1559660844.09,1559660849.1,1559660854.1,1559660859.09,1559660864.1,1559660869.1,1559660874.09,1559660879.1,1559660884.1,1559660889.09,1559660894.1,1559660899.1,1559660904.09,1559660909.1,1559660914.1,1559660919.09,1559660924.1,1559660929.09,1559660934.1,1559660939.1,1559660944.1,1559660949.09,1559660954.1,1559660959.1,1559660964.09,1559660969.1,1559660974.1,1559660979.09,1559660984.1,1559660989.1,1559660994.09,1559660999.1,
0,0,0,0,0,0,0,0,0,0,0,0,0,0,0,0,0,0,0,0,0,0,0,0,0,0,0,0,0,0,0,0,0,0,0,0,0,0,0,0,0,0,0,0,0,0,0,0,0,0,0,0,0,0,0,0,0,0,0,0,
1559661004.09,1559661009.09,1559661014.1,1559661019.1,1559661024.09,1559661029.1,1559661034.1,1559661039.09,1559661044.1,1559661049.1,1559661054.1,1559661059.11,1559661064.1,1559661069.09,1559661074.1,1559661079.1,1559661084.09,1559661089.1,1559661094.1,1559661099.1,1559661104.1,1559661109.1,1559661114.09,1559661119.1,1559661124.1,1559661129.09,1559661134.1,1559661139.09,1559661144.09,1559661149.1,1559661154.1,1559661159.09,1559661164.11,1559661169.1,1559661174.09,1559661179.1,1559661184.1,1559661189.09,1559661194.1,1559661199.1,1559661204.1,1559661209.09,1559661214.1,1559661219.09,1559661224.1,1559661229.1,1559661234.09,1559661239.1,1559661244.1,1559661249.09,1559661254.1,1559661259.1,1559661264.09,1559661269.1,1559661274.1,1559661279.1,1559661284.1,1559661289.1,1559661294.09,1559661299.1,
0,0,0,0,0,0,0,0,0,0,0,0,0,0,0,0,0,0,0,0,0,0,0,0,0,0,0,0,0,0,0,0,0,0,0,0,0,0,0,0,0,0,0,0,0,0,0,0,0,0,0,0,0,0,0,0,0,0,0,0,
1559661304.09,1559661309.09,1559661314.1,1559661319.1,1559661324.09,1559661329.1,1559661334.1,1559661339.09,1559661344.1,1559661349.1,1559661354.09,1559661359.1,1559661364.1,1559661369.09,1559661374.1,1559661379.1,1559661384.09,1559661389.1,1559661394.1,1559661399.09,1559661404.11,1559661409.1,1559661414.09,1559661419.1,1559661424.1,1559661429.09,1559661434.09,1559661439.1,1559661444.1,1559661449.1,1559661454.1,1559661459.09,1559661464.1,1559661469.1,1559661474.09,1559661479.1,1559661484.1,1559661489.09,1559661494.1,1559661499.1,1559661504.09,1559661509.09,1559661514.1,1559661519.09,1559661524.1,1559661529.1,1559661534.09,1559661539.1,1559661544.1,1559661549.09,1559661554.1,1559661559.1,1559661564.09,1559661569.11,1559661574.1,1559661579.09,1559661584.1,1559661589.1,1559661594.09,1559661599.1,
0,0,0,0,0,0,0,0,0,0,0,0,0,0,0,0,0,0,0,0,0,0,0,0,0,0,0,0,0,0,0,0,0,0,0,0,0,0,0,0,0,0,0,0,0,0,0,0,0,0,0,0,0,0,0,0,0,0,0,0,
1559661604.09,1559661609.1,1559661614.09,1559661619.1,1559661624.09,1559661629.1,1559661634.1,1559661639.09,1559661644.1,1559661649.1,1559661654.15,1559661659.09,1559661664.1,1559661669.1,1559661674.09,1559661679.09,1559661684.09,1559661689.1,1559661694.09,1559661699.09,1559661704.09,1559661709.1,1559661714.12,1559661719.09,1559661724.09,1559661729.1,1559661734.09,1559661739.09,1559661744.09,1559661749.09,1559661754.1,1559661759.09,1559661764.09,1559661769.09,1559661774.1,1559661779.09,1559661784.09,1559661789.09,1559661794.09,1559661799.09,1559661804.09,1559661809.1,1559661814.09,1559661819.09,1559661824.1,1559661829.1,1559661834.09,1559661839.1,1559661844.1,1559661849.09,1559661854.1,1559661859.1,1559661864.09,1559661869.1,1559661874.1,1559661879.09,1559661884.11,1559661889.1,1559661894.09,1559661899.1,
0,0,0,0,0,0,0,0,0,0,0,0,0,0,0,0,0,0,0,0,0,0,0,0,0,0,0,0,0,0,0,0,0,0,0,0,0,0,0,0,0,0,0,0,0,0,0,0,0,0,0,0,0,0,0,0,0,0,0,0,
1559661904.09,1559661909.09,1559661914.1,1559661919.1,1559661924.09,1559661929.1,1559661934.1,1559661939.09,1559661944.11,1559661949.1,1559661954.09,1559661959.1,1559661964.1,1559661969.09,1559661974.1,1559661979.1,1559661984.09,1559661989.09,1559661994.1,1559661999.09,1559662004.1,1559662009.1,1559662014.09,1559662019.1,1559662024.1,1559662029.09,1559662034.1,1559662039.1,1559662044.09,1559662049.1,1559662054.1,1559662059.09,1559662064.09,1559662069.1,1559662074.09,1559662079.1,1559662084.1,1559662089.09,1559662094.1,1559662099.1,1559662104.09,1559662109.1,1559662114.1,1559662119.09,1559662124.1,1559662129.1,1559662134.09,1559662139.1,1559662144.1,1559662149.09,1559662154.1,1559662159.09,1559662164.09,1559662169.1,1559662174.09,1559662179.1,1559662184.1,1559662189.09,1559662194.1,1559662199.1,
0,0,0,0,0,0,0,0,0,0,0,0,0,0,0,0,0,0,0,0,0,0,0,0,0,0,0,0,0,0,0,0,0,0,0,0,0,0,0,0,0,0,0,0,0,0,0,0,0,0,0,0,0,0,0,0,0,0,0,0,
1559662204.09,1559662209.1,1559662214.09,1559662219.09,1559662224.1,1559662229.1,1559662234.09,1559662239.1,1559662244.1,1559662249.09,1559662254.1,1559662259.1,1559662264.09,1559662269.1,1559662274.1,1559662279.09,1559662284.1,1559662289.09,1559662294.09,1559662299.11,1559662304.1,1559662309.09,1559662314.1,1559662319.1,1559662324.09,1559662329.1,1559662334.1,1559662339.18,1559662344.09,1559662349.09,1559662354.09,1559662359.1,1559662364.09,1559662369.09,1559662374.1,1559662379.1,1559662384.09,1559662389.1,1559662394.1,1559662399.09,1559662404.1,1559662409.09,1559662414.09,1559662419.1,1559662424.1,1559662429.09,1559662434.1,1559662439.1,1559662444.09,1559662449.1,1559662454.1,1559662459.09,1559662464.1,1559662469.1,1559662474.09,1559662479.1,1559662484.1,1559662489.09,1559662494.11,1559662499.1,
0,0,0,0,0,0,0,0,0,0,0,0,0,0,0,0,0,0,0,0,0,0,0,0,0,0,0,0,0,0,0,0,0,0,0,0,0,0,0,0,0,0,0,0,0,0,0,0,0,0,0,0,0,0,0,0,0,0,0,0,
1559662504.09,1559662509.1,1559662514.1,1559662519.09,1559662524.1,1559662529.1,1559662534.09,1559662539.1,1559662544.1,1559662549.09,1559662554.1,1559662559.1,1559662564.09,1559662569.1,1559662574.1,1559662579.09,1559662584.1,1559662589.1,1559662594.09,1559662599.1,1559662604.1,1559662609.09,1559662614.1,1559662619.1,1559662624.09,1559662629.1,1559662634.09,1559662639.09,1559662644.1,1559662649.1,1559662654.09,1559662659.1,1559662664.1,1559662669.09,1559662674.1,1559662679.1,1559662684.09,1559662689.1,1559662694.1,1559662699.09,1559662704.1,1559662709.09,1559662714.09,1559662719.1,1559662724.1,1559662729.09,1559662734.1,1559662739.1,1559662744.09,1559662749.1,1559662754.1,1559662759.09,1559662764.1,1559662769.1,1559662774.09,1559662779.11,1559662784.1,1559662789.09,1559662794.1,1559662799.1,
0,0,0,0,0,0,0,0,0,0,0,0,0,0,0,0,0,0,0,0,0,0,0,0,0,0,0,0,0,0,0,0,0,0,0,0,0,0,0,0,0,0,0,0,0,0,0,0,0,0,0,0,0,0,0,0,0,0,0,0,
1559662804.09,1559662809.1,1559662814.09,1559662819.09,1559662824.1,1559662829.1,1559662834.09,1559662839.11,1559662844.1,1559662849.09,1559662854.1,1559662859.1,1559662864.09,1559662869.1,1559662874.1,1559662879.1,1559662884.09,1559662889.09,1559662894.1,1559662899.1,1559662904.1,1559662909.1,1559662914.09,1559662919.09,1559662924.1,1559662929.09,1559662934.09,1559662939.09,1559662944.09,1559662949.1,1559662954.09,1559662959.09,1559662964.09,1559662969.09,1559662974.09,1559662979.09,1559662984.1,1559662989.09,1559662994.09,1559662999.09,1559663004.09,1559663009.09,1559663014.09,1559663019.09,1559663024.1,1559663029.09,1559663034.1,1559663039.1,1559663044.09,1559663049.1,1559663054.1,1559663059.09,1559663064.1,1559663069.1,1559663074.09,1559663079.1,1559663084.1,1559663089.09,1559663094.1,1559663099.1,
0,0,0,0,0,0,0,0,0,0,0,0,0,0,0,0,0,0,0,0,0,0,0,0,0,0,0,0,0,0,0,0,0,0,0,0,0,0,0,0,0,0,0,0,0,0,0,0,0,0,0,0,0,0,0,0,0,0,0,0,
1559663104.09,1559663109.1,1559663114.1,1559663119.09,1559663124.1,1559663129.1,1559663134.09,1559663139.1,1559663144.1,1559663149.09,1559663154.1,1559663159.1,1559663164.09,1559663169.1,1559663174.1,1559663179.09,1559663184.1,1559663189.09,1559663194.09,1559663199.1,1559663204.1,1559663209.09,1559663214.1,1559663219.1,1559663224.09,1559663229.1,1559663234.1,1559663239.09,1559663244.1,1559663249.1,1559663254.1,1559663259.11,1559663264.1,1559663269.09,1559663274.1,1559663279.1,1559663284.09,1559663289.1,1559663294.1,1559663299.09,1559663304.1,1559663309.1,1559663314.09,1559663319.1,1559663324.1,1559663329.09,1559663334.1,1559663339.1,1559663344.09,1559663349.1,1559663354.1,1559663359.09,1559663364.1,1559663369.1,1559663374.09,1559663379.1,1559663384.1,1559663389.09,1559663394.1,1559663399.1,
0,0,0,0,0,0,0,0,0,0,0,0,0,0,0,0,0,0,0,0,0,0,0,0,0,0,0,0,0,0,0,0,0,0,0,0,0,0,0,0,0,0,0,0,0,0,0,0,0,0,0,0,0,0,0,0,0,0,0,0,
1559663404.09,1559663409.11,1559663414.09,1559663419.09,1559663424.1,1559663429.1,1559663434.09,1559663439.1,1559663444.1,1559663449.09,1559663454.1,1559663459.1,1559663464.09,1559663469.1,1559663474.1,1559663479.09,1559663484.1,1559663489.1,1559663494.09,1559663499.09,1559663504.1,1559663509.09,1559663514.1,1559663519.1,1559663524.09,1559663529.1,1559663534.1,1559663539.12,1559663544.09,1559663549.1,1559663554.09,1559663559.1,1559663564.09,1559663569.09,1559663574.1,1559663579.1,1559663584.09,1559663589.1,1559663594.1,1559663599.09,1559663604.1,1559663609.1,1559663614.09,1559663619.1,1559663624.1,1559663629.09,1559663634.1,1559663639.1,1559663644.09,1559663649.1,1559663654.1,1559663659.09,1559663664.1,1559663669.1,1559663674.09,1559663679.1,1559663684.1,1559663689.09,1559663694.1,1559663699.1,
0,0,0,0,0,0,0,0,0,0,0,0,0,0,0,0,0,0,0,0,0,0,0,0,0,0,0,0,0,0,0,0,0,0,0,0,0,0,0,0,0,0,0,0,0,0,0,0,0,0,0,0,0,0,0,0,0,0,0,0,
1559663704.09,1559663709.1,1559663714.1,1559663719.09,1559663724.1,1559663729.1,1559663734.09,1559663739.1,1559663744.1,1559663749.09,1559663754.1,1559663759.1,1559663764.09,1559663769.1,1559663774.1,1559663779.09,1559663784.1,1559663789.1,1559663794.09,1559663799.11,1559663804.1,1559663809.09,1559663814.1,1559663819.1,1559663824.09,1559663829.1,1559663834.1,1559663839.09,1559663844.1,1559663849.1,1559663854.1,1559663859.1,1559663864.09,1559663869.09,1559663874.1,1559663879.1,1559663884.09,1559663889.1,1559663894.1,1559663899.09,1559663904.1,1559663909.1,1559663914.09,1559663919.1,1559663924.1,1559663929.09,1559663934.1,1559663939.1,1559663944.09,1559663949.1,1559663954.1,1559663959.09,1559663964.1,1559663969.1,1559663974.09,1559663979.1,1559663984.1,1559663989.09,1559663994.1,1559663999.1,
0,0,0,0,0,0,0,0,0,0,0,0,0,0,0,0,0,0,0,0,0,0,0,0,0,0,0,0,0,0,0,0,0,0,0,0,0,0,0,0,0,0,0,0,0,0,0,0,0,0,0,0,0,0,0,0,0,0,0,0,
1559664004.09,1559664009.1,1559664014.1,1559664019.1,1559664024.09,1559664029.1,1559664034.09,1559664039.1,1559664044.1,1559664049.09,1559664054.11,1559664059.1,1559664064.09,1559664069.1,1559664074.1,1559664079.09,1559664084.1,1559664089.09,1559664094.11,1559664099.09,1559664104.09,1559664109.09,1559664114.09,1559664119.1,1559664124.09,1559664129.1,1559664134.09,1559664139.09,1559664144.09,1559664149.1,1559664154.1,1559664159.09,1559664164.1,1559664169.1,1559664174.1,1559664179.09,1559664184.09,1559664189.09,1559664194.09,1559664199.09,1559664204.09,1559664209.09,1559664214.13,1559664219.09,1559664224.1,1559664229.09,1559664234.1,1559664239.1,1559664244.09,1559664249.1,1559664254.1,1559664259.09,1559664264.1,1559664269.1,1559664274.09,1559664279.1,1559664284.1,1559664289.09,1559664294.11,1559664299.1,
0,0,0,0,0,0,0,0,0,0,0,0,0,0,0,0,0,0,0,0,0,0,0,0,0,0,0,0,0,0,0,0,0,0,0,0,0,0,0,0,0,0,0,0,0,0,0,0,0,0,0,0,0,0,0,0,0,0,0,0,
1559664304.09,1559664309.1,1559664314.1,1559664319.09,1559664324.1,1559664329.1,1559664334.09,1559664339.1,1559664344.1,1559664349.09,1559664354.1,1559664359.1,1559664364.09,1559664369.11,1559664374.1,1559664379.09,1559664384.1,1559664389.1,1559664394.09,1559664399.1,1559664404.1,1559664409.09,1559664414.1,1559664419.1,1559664424.09,1559664429.1,1559664434.1,1559664439.09,1559664444.1,1559664449.1,1559664454.09,1559664459.1,1559664464.1,1559664469.1,1559664474.1,1559664479.1,1559664484.09,1559664489.1,1559664494.1,1559664499.09,1559664504.09,1559664509.1,1559664514.09,1559664519.1,1559664524.1,1559664529.09,1559664534.1,1559664539.1,1559664544.09,1559664549.1,1559664554.1,1559664559.09,1559664564.1,1559664569.1,1559664574.09,1559664579.1,1559664584.1,1559664589.09,1559664594.1,1559664599.1,
0,0,0,0,0,0,0,0,0,0,0,0,0,0,0,0,0,0,0,0,0,0,0,0,0,0,0,0,0,0,0,0,0,0,0,0,0,0,0,0,0,0,0,0,0,0,0,0,0,0,0,0,0,0,0,0,0,0,0,0,
1559664604.09,1559664609.09,1559664614.1,1559664619.09,1559664624.1,1559664629.1,1559664634.09,1559664639.1,1559664644.09,1559664649.09,1559664654.1,1559664659.1,1559664664.09,1559664669.1,1559664674.1,1559664679.09,1559664684.1,1559664689.1,1559664694.09,1559664699.1,1559664704.1,1559664709.09,1559664714.1,1559664719.1,1559664724.09,1559664729.09,1559664734.1,1559664739.09,1559664744.1,1559664749.1,1559664754.09,1559664759.1,1559664764.1,1559664769.09,1559664774.1,1559664779.09,1559664784.09,1559664789.11,1559664794.1,1559664799.09,1559664804.1,1559664809.1,1559664814.09,1559664819.1,1559664824.1,1559664829.09,1559664834.1,1559664839.1,1559664844.09,1559664849.1,1559664854.09,1559664859.09,1559664864.1,1559664869.09,1559664874.09,1559664879.1,1559664884.1,1559664889.09,1559664894.1,1559664899.1,
0,0,0,0,0,0,0,0,0,0,0,0,0,0,0,0,0,0,0,0,0,0,0,0,0,0,0,0,0,0,0,0,0,0,0,0,0,0,0,0,0,0,0,0,0,0,0,0,0,0,0,0,0,0,0,0,0,0,0,0,
1559664904.09,1559664909.1,1559664914.1,1559664919.09,1559664924.1,1559664929.1,1559664934.09,1559664939.1,1559664944.1,1559664949.09,1559664954.1,1559664959.1,1559664964.09,1559664969.1,1559664974.1,1559664979.09,1559664984.1,1559664989.1,1559664994.09,1559664999.1,1559665004.1,1559665009.1,1559665014.1,1559665019.1,1559665024.09,1559665029.09,1559665034.1,1559665039.09,1559665044.1,1559665049.1,1559665054.09,1559665059.1,1559665064.1,1559665069.09,1559665074.1,1559665079.1,1559665084.09,1559665089.1,1559665094.1,1559665099.09,1559665104.09,1559665109.1,1559665114.09,1559665119.1,1559665124.1,1559665129.09,1559665134.1,1559665139.1,1559665144.09,1559665149.1,1559665154.1,1559665159.09,1559665164.1,1559665169.1,1559665174.09,1559665179.1,1559665184.1,1559665189.09,1559665194.1,1559665199.1,
0,0,0,0,0,0,0,0,0,0,0,0,0,0,0,0,0,0,0,0,0,0,0,0,0,0,0,0,0,0,0,0,0,0,0,0,0,0,0,0,0,0,0,0,0,0,0,0,0,0,0,0,0,0,0,0,0,0,0,0,
1559665204.09,1559665209.1,1559665214.1,1559665219.09,1559665224.1,1559665229.1,1559665234.09,1559665239.1,1559665244.1,1559665249.09,1559665254.1,1559665259.1,1559665264.09,1559665269.1,1559665274.1,1559665279.09,1559665284.09,1559665289.09,1559665294.1,1559665299.09,1559665304.09,1559665309.09,1559665314.1,1559665319.09,1559665324.09,1559665329.09,1559665334.09,1559665339.09,1559665344.09,1559665349.09,1559665354.09,1559665359.09,1559665364.09,1559665369.09,1559665374.09,1559665379.1,1559665384.09,1559665389.09,1559665394.1,1559665399.1,1559665404.09,1559665409.09,1559665414.09,1559665419.1,1559665424.1,1559665429.09,1559665434.1,1559665439.1,1559665444.09,1559665449.1,1559665454.1,1559665459.09,1559665464.1,1559665469.1,1559665474.09,1559665479.1,1559665484.1,1559665489.09,1559665494.1,1559665499.1,
0,0,0,0,0,0,0,0,0,0,0,0,0,0,0,0,0,0,0,0,0,0,0,0,0,0,0,0,0,0,0,0,0,0,0,0,0,0,0,0,0,0,0,0,0,0,0,0,0,0,0,0,0,0,0,0,0,0,0,0,
1559665504.09,1559665509.09,1559665514.1,1559665519.09,1559665524.1,1559665529.1,1559665534.1,1559665539.1,1559665544.1,1559665549.09,1559665554.1,1559665559.1,1559665564.09,1559665569.1,1559665574.1,1559665579.09,1559665584.1,1559665589.1,1559665594.09,1559665599.1,1559665604.1,1559665609.09,1559665614.1,1559665619.1,1559665624.09,1559665629.1,1559665634.1,1559665639.09,1559665644.1,1559665649.1,1559665654.09,1559665659.1,1559665664.1,1559665669.09,1559665674.1,1559665679.1,1559665684.09,1559665689.1,1559665694.1,1559665699.09,1559665704.1,1559665709.1,1559665714.09,1559665719.1,1559665724.1,1559665729.09,1559665734.1,1559665739.1,1559665744.09,1559665749.1,1559665754.1,1559665759.09,1559665764.1,1559665769.1,1559665774.09,1559665779.1,1559665784.1,1559665789.09,1559665794.1,1559665799.1,
0,0,0,0,0,0,0,0,0,0,0,0,0,0,0,0,0,0,0,0,0,0,0,0,0,0,0,0,0,0,0,0,0,0,0,0,0,0,0,0,0,0,0,0,0,0,0,0,0,0,0,0,0,0,0,0,0,0,0,0,
1559665804.09,1559665809.1,1559665814.1,1559665819.09,1559665824.1,1559665829.1,1559665834.09,1559665839.1,1559665844.1,1559665849.09,1559665854.1,1559665859.1,1559665864.09,1559665869.1,1559665874.09,1559665879.09,1559665884.09,1559665889.1,1559665894.09,1559665899.1,1559665904.1,1559665909.09,1559665914.1,1559665919.1,1559665924.1,1559665929.09,1559665934.1,1559665939.09,1559665944.1,1559665949.1,1559665954.09,1559665959.1,1559665964.1,1559665969.09,1559665974.1,1559665979.1,1559665984.09,1559665989.1,1559665994.1,1559665999.1,1559666004.09,1559666009.1,1559666014.09,1559666019.1,1559666024.1,1559666029.09,1559666034.1,1559666039.1,1559666044.09,1559666049.1,1559666054.1,1559666059.09,1559666064.1,1559666069.09,1559666074.09,1559666079.1,1559666084.1,1559666089.09,1559666094.1,1559666099.1,
0,0,0,0,0,0,0,0,0,0,0,0,0,0,0,0,0,0,0,0,0,0,0,0,0,0,0,0,0,0,0,0,0,0,0,0,0,0,0,0,0,0,0,0,0,0,0,0,0,0,0,0,0,0,0,0,0,0,0,0,
1559666104.09,1559666109.1,1559666114.1,1559666119.09,1559666124.1,1559666129.1,1559666134.09,1559666139.1,1559666144.1,1559666149.09,1559666154.1,1559666159.1,1559666164.09,1559666169.1,1559666174.1,1559666179.09,1559666184.1,1559666189.1,1559666194.09,1559666199.1,1559666204.1,1559666209.09,1559666214.1,1559666219.1,1559666224.1,1559666229.09,1559666234.1,1559666239.09,1559666244.1,1559666249.1,1559666254.1,1559666259.1,1559666264.1,1559666269.09,1559666274.1,1559666279.1,1559666284.09,1559666289.11,1559666294.1,1559666299.09,1559666304.1,1559666309.1,1559666314.09,1559666319.1,1559666324.1,1559666329.09,1559666334.1,1559666339.1,1559666344.09,1559666349.1,1559666354.1,1559666359.09,1559666364.1,1559666369.1,1559666374.09,1559666379.1,1559666384.1,1559666389.09,1559666394.1,1559666399.1,
